53.35224111
53.35230694
53.35256694
53.35274389
53.35283611
53.35328111
53.35338694
53.35709389
53.35678889
53.35853694
53.36025111
53.36641889
53.36306694
53.36584889
53.36713806
53.37009194
53.37350306
53.37423194
53.375135
53.37590306
53.37943806
53.381575
53.38348389
53.37032111
53.38603194
53.38619306
53.38875306
53.38620806
53.38612306
53.38534694
53.38223889
53.38041611
53.37666194
53.37555611
53.37465389
53.37386111
53.37301611
53.36988111
53.36714694
53.36390889
53.36232194
53.359955
53.35781611
53.356645
53.35998611
53.36014889
53.36041
53.36075889
53.36076694
53.36093694
53.36107611
53.361235
53.36678806
53.36708111
53.36724611
53.367295
53.36907
53.37138306
53.37025111
53.36896111
53.36738694
53.36716694
53.36653694
53.361305
53.36113111
53.36101389
53.36085389
53.36087194
53.36078694
53.36027389
53.360155
53.3739
53.37605389
53.376755
53.37729111
53.37803
53.38638694
53.38842806
53.38983722
53.39230139
53.39603472
53.30308
53.39777306
53.39975611
53.40293639
53.40203556
53.39793861
53.39615444
53.39226806
53.39133333
53.387935
53.37769306
53.37736611
53.37663889
53.37508111
53.39909556
53.3991075
53.38989028
53.39009194
53.39038583
53.39079111
53.39309306
53.39438028
53.39231667
53.389995
53.390445
53.39019833
53.38987667
53.37516194
53.37248111
53.37066111
53.37313806
53.37565694
53.37195806
53.37573611
53.37726306
53.37787
53.37862306
53.38041306
53.38134806
53.38278194
53.38842889
53.38902889
53.389585
53.39018611
53.389255
53.38843389
53.382125
53.38067889
53.37842694
53.37803389
53.38046889
53.381885
53.38029889
53.37714806
53.375645
53.37231694
53.369695
53.36809389
53.36535
53.36272611
53.36011389
53.35716306
53.35511889
53.35507
53.35643889
53.39119639
53.35503889
53.355
53.35687806
53.35894889
53.36162111
53.363615
53.36741889
53.36828
53.37007389
53.37639611
53.37958694
53.38141111
53.38352694
53.38481694
53.386625
53.38733
53.38752694
53.384265
53.38317889
53.38140194
53.37930889
53.38186694
53.38232889
53.38432389
53.38592389
53.3878275
53.38794056
53.38972139
53.38994556
53.39106222
53.39083472
53.39066667
53.39114056
53.39114389
53.3918775
53.39139944
53.38988806
53.38924
53.38798444
53.38582139
53.38494611
53.38329306
53.38202806
53.38203111
53.385655
53.38578
53.38499833
53.38447222
53.38515111
53.38697
53.38558806
53.38493111
53.38441944
53.38483222
53.38556889
53.38994583
53.39026389
53.38559389
53.35405
53.35394694
53.35374111
53.35352806
53.35335806
53.350615
53.34858389
53.35146
53.34724194
53.350345
53.3774
53.35081
53.35162806
53.35012694
53.35134889
53.37728389
53.35199806
53.34912889
53.34899
53.34894389
53.34918806
53.34811611
53.34817694
53.348225
53.34826889
53.34807611
53.34810889
53.348175
53.33458111
53.33676889
53.33784694
53.34547
53.34699389
53.34726111
53.34624194
53.34630111
53.34596694
53.34564694
53.40425111
53.41292
53.41772111
53.34673194
53.34657611
53.41319306
53.34642306
53.34631389
53.41735306
53.34666694
53.346555
53.34636389
53.34624694
53.34597
53.34556
53.345485
53.34553806
53.34564694
53.34339389
53.34297389
53.342615
53.34222
53.341795
53.34190306
53.33916694
53.33863306
53.33548306
53.33425694
53.33317806
53.33406111
53.33071306
53.32874306
53.32564389
53.324685
53.324195
53.32509306
53.32860389
53.33160889
53.33235111
53.33254306
53.33452194
53.33529694
53.33757111
53.34010806
53.34174611
53.33687389
53.34195694
53.34246611
53.34278111
53.34329806
53.34385194
53.34482694
53.34264806
53.34247694
53.34258111
53.34833306
53.34096694
53.34013611
53.338815
53.33811306
53.33525306
53.33409111
53.33157389
53.33033778
53.32864
53.32769972
53.32571111
53.32399
53.32190389
53.31999611
53.31806
53.317145
53.31539
53.312495
53.31096389
53.30826694
53.30690389
53.30470889
53.29598889
53.29321111
53.28894611
53.28920694
53.28913194
53.28813639
53.28568861
53.28021806
53.27483861
53.27632278
53.27509417
53.27822389
53.28858639
53.289115
53.292455
53.29343889
53.29478306
53.30284694
53.30561889
53.30686889
53.30787806
53.30924111
53.31270611
53.31574611
53.31685889
53.31810694
53.31913611
53.320845
53.32233806
53.32468
53.32592694
53.32826111
53.33085528
53.33309611
53.33494194
53.33655694
53.33780889
53.338585
53.33988889
53.34141694
53.34358611
53.34945694
53.35050306
53.35749611
53.35903111
53.36069889
53.36059694
53.35916694
53.35751
53.35594611
53.35519694
53.35350389
53.35568
53.35893111
53.36030194
53.361625
53.36327194
53.36428111
53.36493889
53.36682889
53.367995
53.36922194
53.37056611
53.37122444
53.37321889
53.37571806
53.37758611
53.37865389
53.38022694
53.38042389
53.37989889
53.38013306
53.38067194
53.38133306
53.38187389
53.38365611
53.385055
53.386105
53.38710806
53.38802111
53.38861889
53.388875
53.38908889
53.38968806
53.39003806
53.39068194
53.39097889
53.390645
53.38889
53.388825
53.38841194
53.38834889
53.38608806
53.38187806
53.38025694
53.37833806
53.37525389
53.37376806
53.372485
53.37393611
53.37557194
53.37733111
53.37855889
53.38041889
53.38221694
53.38461389
53.38598
53.38775306
53.38815806
53.38866
53.38876889
53.390055
53.39095111
53.39075889
53.38989389
53.38934889
53.388835
53.38842806
53.38805111
53.38684389
53.386205
53.38431806
53.38275306
53.38196
53.38116389
53.38059611
53.38025611
53.38001389
53.37983806
53.38033389
53.38023611
53.379245
53.378145
53.37742806
53.37635111
53.37565389
53.37470611
53.37250389
53.37107833
53.36983194
53.36835111
53.36674806
53.36586694
53.36461306
53.36360611
53.36189806
53.35983194
53.3579
53.35608
53.35400306
53.350965
53.35038889
53.38018306
53.38178806
53.38448806
53.38540889
53.38694806
53.38652306
53.38724306
53.38964111
53.39026889
53.38901694
53.38885194
53.38778889
53.38675806
53.38633389
53.3867
53.385825
53.38472611
53.38356194
53.38235694
53.38017111
53.37628694
53.375315
53.37548194
53.37946194
53.37921111
53.37773611
53.37647306
53.37554889
53.37498
53.37525611
53.37466
53.37247889
53.37016694
53.36797389
53.36457611
53.36631111
53.36895
53.37071889
53.373465
53.37468611
53.352855
53.38921
53.38774
53.38645389
53.38392806
53.38122806
53.37940194
53.37767306
53.37658111
53.37540806
53.37385889
53.372915
53.37476306
53.37649694
53.38142194
53.38395694
53.38689306
53.38435694
53.38287889
53.38051889
53.37791194
53.37504694
53.37214694
53.36945694
53.36706
53.36649889
53.36613
53.36672389
53.36595306
53.36659
53.37238306
53.366395
53.37503806
53.366485
53.36646806
53.36603806
53.36623889
53.36716889
53.36890194
53.37233111
53.37519306
53.37821806
53.38024194
53.381935
53.38364111
53.381115
53.38415306
53.38694889
53.38957306
53.39174611
53.39369889
53.39531389
53.39655694
53.39816194
53.365815
53.44943333
53.39759611
53.395145
53.39314
53.39190306
53.38982111
53.38802611
53.38526389
53.38133889
53.34012694
53.33992806
53.33851306
53.33755889
53.33657306
53.33532
53.33366889
53.33245333
53.33078389
53.32882806
53.32639
53.324075
53.32267806
53.32034306
53.31832389
53.31609111
53.31451611
53.31232111
53.30534694
53.30946611
53.31189389
53.314675
53.31587694
53.31849806
53.31991194
53.32160389
53.32348111
53.32549
53.32694389
53.32868861
53.33106333
53.33262639
53.33358
53.33531194
53.33641389
53.33709694
53.33519806
53.33939194
53.339
53.34005
53.34016389
53.35873194
53.35997806
53.36069889
53.35942611
53.35881806
53.35805694
53.35738806
53.35649611
53.354735
53.35369389
53.3517
53.35399194
53.35525389
53.35709694
53.35766389
53.35825806
53.35918611
53.36053389
53.35963694
53.35845889
53.35629806
53.36196111
53.36454111
53.36711806
53.36822889
53.36974
53.37042306
53.37121
53.37129889
53.37103889
53.37038611
53.36961806
53.36765389
53.36366194
53.36177194
53.36195306
53.36260389
53.363325
53.36377306
53.36431
53.36373611
53.36318611
53.36211389
53.33724
53.33705306
53.33764194
53.33545694
53.33345694
53.33157389
53.32976194
53.32789833
53.32608583
53.32509972
53.32442
53.32259
53.32162694
53.31929611
53.31764611
53.31655806
53.31408806
53.311835
53.30818389
53.30517056
53.30360806
53.30447306
53.30522333
53.30820194
53.30815111
53.30955611
53.31231306
53.31455611
53.31671806
53.31768194
53.320015
53.32125389
53.32263389
53.32418111
53.31606389
53.31518611
53.31393194
53.31336611
53.31429111
53.32558333
53.3274175
53.45156167
53.328815
53.32972694
53.33115889
53.333165
53.38900889
53.39103611
53.393485
53.39685472
53.39875694
53.39844694
53.39781806
53.39721389
53.39721889
53.39667194
53.39734806
53.39729389
53.39890111
53.39780167
53.396175
53.393055
53.39088111
53.40154306
53.406555
53.41007611
53.41503806
53.41824778
53.41724194
53.41530944
53.29324639
53.40918639
53.40614333
53.40317167
53.39963806
53.38983167
53.39032111
53.39091667
53.39101833
53.3911575
53.39105694
53.390795
53.395675
53.39699611
53.38980444
53.38978083
53.39014167
53.38991139
53.38992472
53.39022
53.39815833
53.3977025
53.39095139
53.33548
53.33567611
53.33272806
53.33113
53.32936611
53.32756694
53.32646306
53.32507694
53.32137
53.31951611
53.31706111
53.31584806
53.311595
53.30910306
53.30873111
53.30849389
53.29510361
53.29580889
53.30074694
53.30181
53.30433194
53.30131194
53.29981889
53.298525
53.29335889
53.289535
53.28750194
53.28708
53.28738889
53.28762
53.28997389
53.293915
53.29521667
53.30825694
53.30856806
53.30942694
53.31182694
53.31375306
53.317045
53.32055611
53.32328806
53.32496889
53.32729
53.33103611
53.4506925
53.33378
53.32315806
53.32157306
53.319465
53.31664806
53.315005
53.31267
53.31167389
53.31114194
53.310095
53.30966944
53.310335
53.31097361
53.31165556
53.31210389
53.31243694
53.31074194
53.30997306
53.30905389
53.30690889
53.30604389
53.30306306
53.30127194
53.301195
53.30472111
53.30438306
53.30452389
53.30501889
53.30693111
53.304415
53.30456889
53.30443306
53.30472
53.30527889
53.30767306
53.30893306
53.31028694
53.31146806
53.31189056
53.31136694
53.31093556
53.31019806
53.30903306
53.30725889
53.30557306
53.30413389
53.30108
53.29845194
53.2964
53.29343889
53.29436611
53.29328472
53.28991611
53.287545
53.28341306
53.28232306
53.28180611
53.28187694
53.28255111
53.28348889
53.286835
53.28897306
53.29676889
53.29870806
53.30060389
53.30242111
53.30437806
53.30604111
53.30775
53.30893
53.3104
53.31168806
53.31390694
53.31595389
53.31794
53.32003306
53.32167889
53.35031306
53.35174
53.35377
53.35629389
53.35858889
53.39935194
53.40089
53.40344806
53.39993
53.40569694
53.40561306
53.35078
53.37637111
53.37764194
53.37860611
53.38001389
53.38015806
53.37921306
53.37863694
53.37799
53.37752389
53.37639306
53.37804111
53.37923222
53.38250889
53.38498306
53.38695889
53.39087806
53.39249694
53.39671806
53.40149306
53.40809611
53.41071389
53.41429806
53.41696
53.41903194
53.42129806
53.42055694
53.41749889
53.41530889
53.41339611
53.41032111
53.40819111
53.39967389
53.38125889
53.3787625
53.37681639
53.384065
53.38525194
53.38664389
53.386855
53.38810694
53.39113806
53.39242889
53.39431167
53.39548306
53.39528389
53.394355
53.39468389
53.39473667
53.39267861
53.391745
53.38949
53.38681194
53.385875
53.38449
53.394895
53.39290722
53.39799194
53.39349333
53.39507806
53.39298694
53.39517694
53.39373389
53.39345722
53.39386389
53.39511111
53.39435111
53.393625
53.39819806
53.39858306
53.40017694
53.40199889
53.39821611
53.40204889
53.40087111
53.399885
53.39842611
53.39648389
53.39287111
53.39112194
53.38893194
53.38557389
53.38424806
53.38263694
53.34422
53.34420111
53.40018806
53.29421222
53.34234389
53.34180611
53.33810611
53.33440194
53.33250806
53.33248194
53.33235111
53.33212194
53.33073111
53.32844306
53.32563694
53.32281111
53.32059611
53.317875
53.31555
53.31240806
53.31072194
53.30839583
53.30615083
53.30389583
53.30166278
53.29934222
53.29817667
53.29616972
53.29465806
53.29420278
53.29364722
53.29247222
53.29171667
53.29218889
53.29331
53.29419917
53.29422667
53.29216611
53.29302083
53.29193472
53.292535
53.29371028
53.29446611
53.29246194
53.29071389
53.28907889
53.28724306
53.28650306
53.28880806
53.29116806
53.29220694
53.29496694
53.29619111
53.29851917
53.30075806
53.30310389
53.30484806
53.3074175
53.30890083
53.31110611
53.31242889
53.31502306
53.316415
53.31921694
53.32126306
53.32266
53.32722889
53.328785
53.33118
53.33224806
53.33239
53.33255889
53.334445
53.33601
53.33905
53.34009194
53.34258611
53.34430611
53.34441806
53.33198
53.331205
53.33183889
53.33232194
53.33289889
53.33515
53.33568528
53.33886694
53.33919111
53.33887806
53.33810389
53.33777111
53.33922111
53.339585
53.33949
53.33918194
53.33884
53.33734389
53.33564111
53.33512361
53.33314611
53.33226
53.33133389
53.33174111
53.32954306
53.32803694
53.32676694
53.326085
53.32489194
53.32508694
53.32529611
53.32513306
53.32538806
53.32597889
53.32714889
53.328195
53.32981389
53.33315306
53.33153861
53.33036667
53.33141806
53.33205389
53.33267889
53.33343806
53.333345
53.332445
53.33102306
53.33002306
53.32770694
53.32499611
53.32565611
53.32706
53.32928111
53.33026111
53.33135
53.33259389
53.33357389
53.33350389
53.33257111
53.33199389
53.33139111
53.330885
53.33638
53.33406
53.33198694
53.32486806
53.32515611
53.345125
53.34511889
53.345675
53.34662806
53.34815194
53.34814889
53.34828
53.34558194
53.33453694
53.33777306
53.33538611
53.33487611
53.33530111
53.33476694
53.33406194
53.33234611
53.33045111
53.33061806
53.33489889
53.33480111
53.33452611
53.33565611
53.337565
53.33526111
53.34549389
53.34842694
53.34829889
53.34794389
53.34700306
53.34564806
53.34591306
53.34569389
53.36505111
53.37170806
53.363695
53.36403611
53.37097389
53.37182111
53.37109
53.37015194
53.36886694
53.36846389
53.37025194
53.37121611
53.37066389
53.36875111
53.36713806
53.36577306
53.35102
53.35402194
53.36676806
53.36838611
53.36990194
53.37293
53.37690806
53.37823194
53.38217444
53.38946
53.36610389
53.37742694
53.39059806
53.39246111
53.39391694
53.39722111
53.39787389
53.39555
53.394065
53.3923
53.35618889
53.38845889
53.38374361
53.38174417
53.37896806
53.37533389
53.37230889
53.36961806
53.368055
53.38447417
53.38313389
53.384335
53.39275667
53.41934556
53.39523889
53.39610194
53.39742611
53.40751806
53.40969694
53.41911389
53.42521111
53.42484694
53.41825111
53.40952389
53.40771111
53.39981111
53.39733806
53.39700806
53.38440611
53.38401111
53.38402417
53.38559389
53.38706611
53.3893175
53.38988583
53.390385
53.39352111
53.39790333
53.39806806
53.39276889
53.38988556
53.38876806
53.386525
53.38346639
53.38714111
53.37972083
53.37891472
53.38071306
53.38073889
53.38304111
53.38045528
53.38024222
53.38089972
53.38359694
53.38374556
53.38825306
53.38037056
53.38216139
53.38304972
53.38038417
53.37880778
53.35125806
53.34782694
53.34728389
53.34917111
53.350885
53.35290889
53.38326389
53.39003694
53.39193306
53.396075
53.40109
53.40416194
53.408245
53.41371111
53.41662889
53.42204
53.42242806
53.42050111
53.41778111
53.41351806
53.41169694
53.40824389
53.40403194
53.40174611
53.39650694
53.39234389
53.38652389
53.384
53.38480611
53.38687
53.38715472
53.34834694
53.35108806
53.35257
53.35614389
53.35672389
53.35729306
53.35838306
53.36198389
53.36325694
53.36516694
53.36643889
53.36753611
53.36940389
53.37064694
53.37158611
53.37086389
53.37083806
53.370225
53.37029611
53.37119111
53.37199194
53.37365611
53.37750611
53.37924194
53.377995
53.37747889
53.37603306
53.37560611
53.37540306
53.37598
53.37747806
53.37763111
53.378065
53.37881194
53.37954806
53.37620889
53.37268806
53.371555
53.37060194
53.36995611
53.37045611
53.37100889
53.37100611
53.37153111
53.37079306
53.36956694
53.36873889
53.36769889
53.36657611
53.36561889
53.36471694
53.36304306
53.36217694
53.36006306
53.35842194
53.35732389
53.35686194
53.35556389
53.35457
53.35333306
53.35190611
53.35063611
53.34771111
53.40887306
53.365705
53.36375389
53.36228194
53.36059694
53.35965306
53.35847889
53.358225
53.359095
53.36009611
53.36021111
53.36039083
53.36114333
53.36214222
53.36285806
53.36345083
53.36387694
53.36413194
53.36311694
53.36212583
53.36113556
53.36032889
53.36032306
53.36025389
53.35931
53.35824806
53.35856389
53.36885611
53.35978806
53.36106889
53.362415
53.36412194
53.3663
53.36720306
53.36862306
53.36811111
53.36593306
53.36596889
53.36382694
53.36374111
53.3644
53.36589306
53.36655139
53.36382722
53.36887611
53.36708
53.36603889
53.36505306
53.36681083
53.36613611
53.36443306
53.36387389
53.36530111
53.36660806
53.38238806
53.38379806
53.38462194
53.38259389
53.38199306
53.39161389
53.39426194
53.39664111
53.39352306
53.39167694
53.36943806
53.36149611
53.38178806
53.38312889
53.38437889
53.38305611
53.38230611
53.38242694
53.361425
53.36150194
53.36161389
53.36115694
53.36293389
53.37441611
53.379245
53.38567972
53.38756194
53.39309
53.39605306
53.39756361
53.39963306
53.40108083
53.39965306
53.40590778
53.40704194
53.40702556
53.40619889
53.39917694
53.39951694
53.40001222
53.39801194
53.39584111
53.39601111
53.38796111
53.38612139
53.38496778
53.38541111
53.37902
53.3729
53.38079
53.3977475
53.384625
53.38740639
53.3846275
53.38358444
53.39088167
53.39103583
53.39329917
53.39674972
53.39861611
53.40061528
53.40181611
53.40104472
53.39989972
53.39580778
53.39624861
53.39805639
53.39964972
53.40077944
53.40170611
53.40023167
53.39826667
53.39643611
53.39342194
53.39118056
53.39117278
53.3927725
53.385745
53.385535
53.38299667
53.38317333
53.38341667
53.38353667
53.38728
53.386935
53.38356111
53.38352611
53.38335556
53.38311194
53.38759889
53.38776611
53.38353722
53.38525
53.38784167
53.36327806
53.3612
53.35990194
53.35868389
53.35688806
53.3566
53.38366972
53.3588
53.36020806
53.34412306
53.34387389
53.34300389
53.342975
53.34299694
53.34353806
53.34334694
53.34225194
53.34137111
53.34067111
53.34055
53.34011611
53.33982111
53.33867
53.33763806
53.33602194
53.33313694
53.33154306
53.32999111
53.32876806
53.32793806
53.32635611
53.32540194
53.32456
53.322225
53.320165
53.32003611
53.32320611
53.32386194
53.32053389
53.31950611
53.31980694
53.32073306
53.32119694
53.32100889
53.32006806
53.319565
53.31796389
53.32053806
53.32211389
53.32492694
53.32646694
53.32718111
53.32949889
53.33292111
53.33532694
53.33633111
53.33826889
53.33963194
53.34047306
53.34065611
53.34085
53.34142111
53.34267
53.34355889
53.34356694
53.34313694
53.34312
53.34330694
53.343775
53.34403611
53.308875
53.30560028
53.30333944
53.29889722
53.29159389
53.28992694
53.28531444
53.28211833
53.27553472
53.27820861
53.27419667
53.27445917
53.27581611
53.27705194
53.2781775
53.28010278
53.28129194
53.28344917
53.28490389
53.28664417
53.28611222
53.28952389
53.29147833
53.29273639
53.29577222
53.29579278
53.29488722
53.29279111
53.2935975
53.29365111
53.29247361
53.29087222
53.28907694
53.28586944
53.28644889
53.28484611
53.28323861
53.28146
53.27947083
53.27776194
53.27659611
53.27517389
53.273955
53.27575861
53.27902417
53.28029389
53.28272556
53.28479917
53.29004
53.29186194
53.29809583
53.29977472
53.30306611
53.30304806
53.301895
53.30000611
53.29799611
53.29607306
53.29351306
53.29802611
53.29976611
53.30194306
53.30333028
53.30552667
53.31517111
53.31811194
53.32058111
53.31729306
53.315295
53.3348
53.32903194
53.32807806
53.32742306
53.32552111
53.32495444
53.32419472
53.32208
53.3236525
53.31500389
53.32421444
53.32563
53.33562389
53.33704806
53.34116333
53.34387556
53.34717611
53.34695833
53.34558667
53.34393556
53.34157139
53.33966667
53.33572833
53.3248
53.32161389
53.32129889
53.32485306
53.326395
53.32855306
53.32873306
53.32954611
53.32840389
53.327195
53.325055
53.32311889
53.32407889
53.32684111
53.32878389
53.32956611
53.32872389
53.32860806
53.32750194
53.32497806
53.32342
53.32539194
53.325485
53.32322083
53.31957194
53.31836611
53.317285
53.31702
53.32071611
53.32022694
53.31995111
53.31821389
53.31380194
53.31735611
53.31735889
53.39792389
53.31972194
53.31855194
53.31639889
53.31385889
53.31505694
53.31595389
53.32383778
53.32396194
53.32170111
53.32298889
53.32425861
53.32692694
53.32803806
53.32901389
53.32968889
53.33277056
53.34802611
53.34724306
53.34637889
53.34618806
53.34674306
53.3479
53.348165
53.35062389
53.35028278
53.35327389
53.35438167
53.35320722
53.35001889
53.34459056
53.34418667
53.34675667
53.34991278
53.35239194
53.35395889
53.35571111
53.35608889
53.35830306
53.35885694
53.359595
53.359675
53.360055
53.35964306
53.35897611
53.35852722
53.35727806
53.34955222
53.34956389
53.35860583
53.35905
53.36004
53.35973306
53.36008806
53.359335
53.35901611
53.35884694
53.35775389
53.356
53.35492917
53.35392722
53.35197444
53.35088
53.34946389
53.34830611
53.34675111
53.34631806
53.34652806
53.347435
53.34812611
53.36022889
53.35834611
53.35638194
53.35464889
53.35353306
53.35177889
53.35263889
53.35352306
53.35111
53.35218
53.35030694
53.34569194
53.35018389
53.35448611
53.352955
53.35231194
53.35365889
53.35483806
53.358325
53.40112306
53.34244806
53.3383
53.338875
53.33874389
53.33835389
53.33753194
53.32341861
53.32198
53.31956472
53.31588111
53.31339889
53.31023
53.30810306
53.30978611
53.31211
53.31369611
53.31685444
53.31970472
53.32090139
53.32214806
53.32457167
53.320875
53.31783389
53.31553
53.311645
53.30885694
53.30598694
53.39308472
53.30256889
53.30063111
53.29007972
53.28502889
53.28320556
53.27753389
53.27914889
53.27926694
53.27796611
53.2807
53.28359
53.28469472
53.29857806
53.30086694
53.30339694
53.30725194
53.31071194
53.32152
53.31604694
53.318125
53.33783611
53.33850889
53.33886111
53.33945194
53.34226389
53.33790306
53.33658306
53.33446
53.32492389
53.32152194
53.320195
53.31888889
53.31520306
53.31328
53.31172889
53.30881694
53.30658611
53.30523806
53.303525
53.30200306
53.30182306
53.30325611
53.30506611
53.30497389
53.30340111
53.30198694
53.30399111
53.30538806
53.30722611
53.30916611
53.31093389
53.31286583
53.31407444
53.31505667
53.31632611
53.31668806
53.31699389
53.31706194
53.30118611
53.29967306
53.29826306
53.29515111
53.29066
53.29320694
53.29598194
53.29833194
53.29954611
53.30092389
53.31720194
53.31701
53.31657806
53.31602667
53.31431444
53.31370583
53.31268889
53.31248194
53.31354389
53.31639389
53.31906
53.32044806
53.32189
53.324295
53.30811611
53.30834611
53.292985
53.31930917
53.32023111
53.316145
53.31482306
53.31263889
53.31164
53.31002694
53.30727611
53.307185
53.31035806
53.31218694
53.31274
53.31389111
53.3153
53.31998833
53.32065417
53.31923417
53.40436028
53.31868167
53.31767778
53.31788861
53.31875611
53.31886583
53.31904389
53.31987806
53.3205775
53.32023389
53.31974444
53.31873806
53.31892056
53.31759806
53.31854694
53.31979167
53.32107528
53.32181639
53.32035556
53.31941528
53.31953889
53.31802611
53.31629889
53.31832111
53.31969667
53.32122
53.32196778
53.32033
53.34824306
53.34806389
53.347755
53.34737306
53.35285889
53.40218833
53.29134444
53.29022333
53.289215
53.2885325
53.28142222
53.27710694
53.27837361
53.27560361
53.28101333
53.28295472
53.28153444
53.27653556
53.27553167
53.27679306
53.28910472
53.28950278
53.29479306
53.29306889
53.28968
53.28903611
53.28871194
53.28816111
53.28850639
53.280245
53.27635889
53.27389889
53.272765
53.27318111
53.27376389
53.27774694
53.27578889
53.27371889
53.27308389
53.27616389
53.28053389
53.27427306
53.27455611
53.27717111
53.27172889
53.26979111
53.267415
53.255185
53.257695
53.264625
53.26746889
53.27027611
53.27172389
53.27398889
53.27514194
53.27460889
53.27429889
53.28821111
53.28894
53.28977306
53.28944611
53.29338889
53.29575611
53.29743111
53.28429
53.28926611
53.286815
53.28405611
53.28068306
53.28161389
53.28271694
53.28477889
53.28745194
53.28690694
53.28249806
53.28142
53.28067306
53.28464111
53.28671028
53.28213278
53.2838
53.28552306
53.288815
53.28591306
53.28886694
53.288195
53.28219611
53.289115
53.29408806
53.33290389
53.33423806
53.33658
53.34588611
53.34570111
53.34208806
53.34196694
53.341185
53.34152694
53.34198694
53.34169194
53.34149694
53.34064889
53.33972
53.33911111
53.33776389
53.33884583
53.34023472
53.34129861
53.34213806
53.34262361
53.34131306
53.33916194
53.33702611
53.33577889
53.33548389
53.33679111
53.33691389
53.33559889
53.33588194
53.33779389
53.34069889
53.34298278
53.28500611
53.34038806
53.34335889
53.34377944
53.34755694
53.34778889
53.33662694
53.34350389
53.34147
53.33876611
53.341745
53.34559222
53.347955
53.34765222
53.34396111
53.34346361
53.34310611
53.3426875
53.3422775
53.34129667
53.34016972
53.33810333
53.33828889
53.33924194
53.340035
53.34183389
53.34298889
53.34211694
53.34178611
53.34245611
53.34247694
53.34190806
53.34255194
53.34284194
53.35723389
53.34228
53.34164806
53.35205194
53.34327306
53.34343889
53.31082694
53.32381444
53.32375889
53.32136306
53.31910389
53.317935
53.31646306
53.31638306
53.31377611
53.31236611
53.304975
53.30636806
53.30723806
53.304075
53.30224889
53.30005
53.29833889
53.29362111
53.29133889
53.28925889
53.28608306
53.28655
53.28890694
53.29096806
53.29389
53.29798806
53.30004111
53.30233611
53.30436611
53.30705889
53.30455306
53.31064694
53.31378111
53.31491111
53.31654
53.31653111
53.31232389
53.31721611
53.31825389
53.32277194
53.31916306
53.32402444
53.32852
53.33232389
53.34303
53.34079
53.339355
53.33192611
53.32870389
53.32602306
53.31584694
53.31425889
53.31115
53.30794194
53.30548306
53.3032575
53.30109
53.29752194
53.2935
53.29240639
53.28958167
53.28803611
53.28621861
53.28437111
53.28235
53.27905389
53.27724806
53.27439194
53.27048
53.27542306
53.27735694
53.27974806
53.28285889
53.28432694
53.28718361
53.28786
53.28432472
53.28264306
53.27954667
53.27723222
53.27625389
53.27535583
53.27743611
53.27968139
53.28069056
53.28069556
53.28082528
53.28072167
53.27918972
53.27719139
53.27477028
53.27518611
53.27699056
53.27816722
53.27957833
53.28291722
53.28458944
53.28718972
53.28970417
53.29157167
53.2939975
53.29387639
53.29535361
53.29760694
53.30093167
53.30304306
53.30598806
53.30819306
53.31116306
53.316365
53.32592611
53.32733389
53.32887806
53.33197
53.33891806
53.34025111
53.33969389
53.33741306
53.34106389
53.33874
53.34462806
53.31095389
53.30940306
53.30763889
53.30748806
53.30736889
53.29592194
53.29381694
53.29127194
53.28913
53.28718194
53.28582
53.28333306
53.277135
53.27183278
53.26790472
53.26187083
53.2620975
53.26413083
53.26609944
53.26864806
53.27164528
53.28035861
53.28308611
53.28491806
53.28727111
53.29004
53.29167611
53.29451194
53.29625
53.28195278
53.28167333
53.28179333
53.27804139
53.27786694
53.27812028
53.39621694
53.39438
53.39414806
53.37883611
53.19620194
53.19452806
53.19155111
53.28030417
53.282775
53.28133944
53.28032944
53.27940278
53.27817056
53.27629278
53.27186889
53.27202806
53.27357111
53.27699444
53.27846528
53.28001639
53.2812725
53.28161861
53.28154361
53.307295
53.30759694
53.30837611
53.30803389
53.30620889
53.28327111
53.28462
53.19444
53.19663694
53.27018611
53.27075694
53.20312361
53.30448611
53.30603389
53.30786306
53.310185
53.31121389
53.28026889
53.282125
53.278525
53.27845306
53.27590806
53.37399694
53.30514222
53.30525389
53.30014806
53.29846889
53.29643
53.29434111
53.29201694
53.29026889
53.28919806
53.28907806
53.28884389
53.28878889
53.28896611
53.28899306
53.29085806
53.29217611
53.29470306
53.29636806
53.29915889
53.30142306
53.30232167
53.30199333
53.29962694
53.29584111
53.29550306
53.29475306
53.294345
53.29382111
53.29403111
53.29505806
53.19743083
53.29017028
53.28843611
53.28740611
53.28694889
53.28612444
53.28590778
53.28558972
53.28410194
53.281835
53.28031
53.27838444
53.28001389
53.28214194
53.28416
53.28554361
53.28597528
53.28603278
53.28699333
53.28772333
53.288405
53.28982944
53.29075306
53.292115
53.29498694
53.29418889
53.29378694
53.29448889
53.29487694
53.29543306
53.29592
53.29830611
53.30023111
53.30060694
53.30045361
53.30140111
53.30248
53.45272694
53.44896472
53.44958389
53.27364528
53.27207389
53.27034583
53.35051
53.2958
53.29399
53.28992306
53.28560694
53.28398611
53.28155111
53.27744194
53.27397889
53.27175889
53.26944194
53.26727
53.26541278
53.26262806
53.26129389
53.26245528
53.25860389
53.25551694
53.25272806
53.25036611
53.24690667
53.24295389
53.23773194
53.23434889
53.23006389
53.22974306
53.23455111
53.23806194
53.24269056
53.24569056
53.24792111
53.25087306
53.25527194
53.25874889
53.26118
53.26233694
53.26461306
53.26740694
53.26581639
53.27204111
53.27425
53.27652889
53.27893194
53.28245306
53.28437306
53.28700306
53.28975111
53.29250806
53.29559611
53.27673389
53.27521194
53.27619
53.2761925
53.27382667
53.28738028
53.28885056
53.28522056
53.28243528
53.27939111
53.27823222
53.27725917
53.27618722
53.27443694
53.27350444
53.2712875
53.269115
53.26706194
53.26460083
53.26203139
53.25887222
53.2570425
53.25492333
53.25311028
53.25072361
53.24898417
53.2466025
53.24915028
53.25194583
53.255295
53.25854694
53.26195417
53.26475417
53.26535278
53.26850167
53.27008944
53.27160389
53.27274139
53.27360361
53.27718083
53.27798361
53.27914222
53.28330972
53.28438639
53.28717194
53.27417333
53.27255
53.27068361
53.27107639
53.27264528
53.27253889
53.27283111
53.23777139
53.23574667
53.23579722
53.23927944
53.24253806
53.27388806
53.27874194
53.28198194
53.28846944
53.28808417
53.41048111
53.41396417
53.41492417
53.41595472
53.41837889
53.4195025
53.418055
53.416025
53.41496306
53.41408
53.41060139
53.41039694
53.40866806
53.28989889
53.28940111
53.41703528
53.41707778
53.32548222
53.32485167
53.35965194
53.35816806
53.35645306
53.34455778
53.34447056
53.35654806
53.35808
53.35963389
53.32156806
53.32097111
53.31969111
53.31926306
53.31851111
53.31968
53.32059806
53.31900889
53.31849111
53.31572611
53.31318
53.308225
53.30390694
53.30056694
53.29975111
53.29963611
53.29806889
53.296055
53.29542194
53.29772306
53.29959194
53.29975889
53.30096111
53.30362306
53.30595194
53.31120694
53.31229389
53.31596806
53.30785806
53.31829306
53.31965889
53.32069889
53.32000889
53.31853694
53.31814889
53.31833389
53.32003194
53.32037111
53.31946194
53.31970111
53.32079389
53.32177389
53.31390167
53.28323611
53.31251694
53.31126111
53.29133389
53.28031111
53.28165806
53.28332
53.28358194
53.29142389
53.282725
53.28181611
53.28117889
53.28057
53.28118194
53.28132694
53.28156194
53.28191194
53.282805
53.28360111
53.28295111
53.281645
53.28034194
53.28351306
53.29001194
53.30963889
53.31676111
53.27066389
53.26884194
53.26612306
53.26359
53.26213694
53.25921694
53.25411306
53.25252611
53.24943111
53.24620889
53.24300389
53.23905056
53.23290111
53.24387
53.246145
53.24960889
53.25272111
53.25522306
53.25932306
53.26223611
53.26394611
53.26628
53.26553194
53.2691
53.26520722
53.26540306
53.264105
53.26306306
53.26178694
53.25998694
53.25664194
53.25296694
53.25217694
53.24969806
53.24491194
53.24155389
53.23752111
53.23272889
53.22853389
53.221455
53.22101111
53.22192611
53.223915
53.22026806
53.22101694
53.22174611
53.22407389
53.22871389
53.23756111
53.24497306
53.24988389
53.25231889
53.254635
53.256615
53.26083
53.26479472
53.26547194
53.2568175
53.25386111
53.25195278
53.2496625
53.24401833
53.24268083
53.23882611
53.23640028
53.23372861
53.23435806
53.23720278
53.23902639
53.24289806
53.24491222
53.24811806
53.24939639
53.314545
53.28863194
53.56675917
53.5780675
53.57627917
53.5765275
53.57814444
53.45432722
53.42546806
53.44877194
53.42432194
53.42931389
53.43216
53.437805
53.44066306
53.44325194
53.44934778
53.44985444
53.45063306
53.45112722
53.44990889
53.44608361
53.44875944
53.44463361
53.43787917
53.43268194
53.42969889
53.42738194
53.42582111
53.42396806
53.42173944
53.42164639
53.42352
53.426095
53.42838389
53.43242889
53.43396806
53.43492917
53.43490111
53.43108583
53.42608528
53.42574778
53.42884639
53.43336889
53.43509972
53.43531333
53.43427611
53.43869389
53.44470417
53.4464725
53.44837889
53.44946444
53.45065667
53.45119694
53.44756806
53.44424194
53.44195389
53.43877889
53.43551111
53.43846
53.44195806
53.44441
53.448385
53.45045528
53.44964
53.4494225
53.44540806
53.44629111
53.45272528
53.45512611
53.45123778
53.443005
53.44053306
53.43911
53.43271306
53.43330611
53.43595889
53.43848306
53.44475194
53.44613111
53.44866444
53.45103806
53.452875
53.44854583
53.44618
53.44474611
53.43878306
53.43548194
53.42913306
53.42323306
53.42459806
53.60339917
53.42811611
53.42846556
53.42457611
53.42939944
53.43217556
53.44105028
53.44333972
53.4467825
53.45234889
53.45532306
53.45908167
53.46202611
53.46192111
53.45893583
53.45695639
53.45597722
53.45344722
53.44899639
53.44705611
53.44318194
53.44068583
53.43681806
53.435055
53.45261694
53.45197222
53.45325722
53.45281306
53.45129667
53.45235139
53.45326389
53.45263167
53.45205611
53.46119028
53.46364917
53.46868889
53.47221944
53.48000278
53.48045722
53.48191194
53.48537639
53.48716778
53.48979306
53.49256417
53.49299333
53.49349417
53.49319833
53.49602111
53.49743667
53.49929583
53.50010028
53.49948778
53.49717361
53.49600111
53.49336972
53.49316694
53.48767194
53.49284167
53.49248778
53.48675472
53.48526861
53.48021778
53.48202389
53.48848556
53.47163361
53.468495
53.46089306
53.46241361
53.49428306
53.50248306
53.50441444
53.50727972
53.50990806
53.51115194
53.51530722
53.51870417
53.5236675
53.52532528
53.52413611
53.522365
53.52203528
53.52162278
53.52050222
53.52139694
53.5186925
53.51814694
53.51790694
53.51890389
53.52151417
53.52261833
53.52272472
53.48558861
53.52347056
53.52608528
53.52972944
53.53384056
53.53910417
53.54224167
53.54683583
53.55030778
53.55413556
53.55863139
53.56251028
53.56600889
53.56990806
53.57301167
53.57504556
53.57868972
53.580345
53.57905556
53.58063972
53.58182222
53.58532222
53.60297722
53.60502056
53.60590972
53.60612361
53.60588139
53.60510111
53.59138611
53.58559917
53.58194361
53.58047167
53.5798025
53.57999722
53.57787278
53.57536944
53.57277167
53.56970972
53.56229361
53.55848472
53.55398167
53.54990889
53.54728444
53.54241417
53.53914833
53.53365972
53.53094222
53.52883556
53.52341417
53.52201694
53.52252611
53.52281056
53.52137417
53.52080139
53.51869917
53.51765389
53.51819028
53.5203475
53.52098639
53.52159389
53.52192917
53.52246889
53.52423472
53.52534972
53.52306611
53.51861333
53.51473694
53.51097167
53.50980194
53.50707611
53.50483194
53.50229056
53.49453472
53.46399611
53.46584694
53.47318389
53.488635
53.47333111
53.46459889
53.42602194
53.35568389
53.35523
53.35512194
53.35072611
53.35194306
53.35613611
53.35308611
53.348475
53.346885
53.34587389
53.34532111
53.344035
53.34340111
53.34245
53.34184306
53.33993194
53.33789
53.33915611
53.34084194
53.34300806
53.34678611
53.35226389
53.35426889
53.35907389
53.36209889
53.36700611
53.379725
53.37652889
53.36664694
53.36210389
53.35900611
53.35537806
53.35245889
53.34607111
53.37257694
53.37413611
53.34273
53.34068111
53.33898806
53.33974694
53.34202111
53.34334694
53.34461611
53.34554306
53.34604806
53.34707306
53.34899389
53.35370194
53.356115
53.35815806
53.35543194
53.35553611
53.33168389
53.36052806
53.36167194
53.36213111
53.36433694
53.36359611
53.36566389
53.36694
53.36794889
53.36941694
53.37098889
53.37299
53.37436611
53.38195611
53.37794694
53.37297694
53.38189889
53.38211306
53.378015
53.37411194
53.37371889
53.37096111
53.36949694
53.36779694
53.36574694
53.37144194
53.37243194
53.37205111
53.37116111
53.366945
53.36448806
53.36183111
53.360535
53.35918194
53.36404111
53.35444111
53.25003111
53.24770306
53.24157111
53.23800806
53.23679389
53.23161611
53.23283806
53.22352306
53.21723306
53.21472889
53.21163611
53.20631306
53.20319306
53.19724306
53.19397806
53.19079389
53.18617806
53.18330111
53.178605
53.17587611
53.17162694
53.17113
53.17385306
53.17609694
53.17933806
53.20856694
53.18358
53.19096194
53.19463806
53.19742194
53.20195611
53.203415
53.20586611
53.20670806
53.215155
53.21739611
53.21987389
53.22378
53.23268889
53.23746694
53.24136111
53.24864306
53.2506
53.22846306
53.22339694
53.22039194
53.21279194
53.21019
53.20360694
53.198875
53.19378
53.19281111
53.20861
53.18873611
53.18687806
53.18887
53.19288389
53.19382
53.198895
53.200495
53.20369306
53.21038694
53.21319806
53.22016194
53.22335111
53.22885806
53.22783028
53.22343167
53.22218306
53.21877861
53.21592361
53.21085556
53.20728167
53.20656722
53.20230056
53.21211694
53.19757333
53.19464639
53.19225278
53.19178417
53.19356333
53.20011667
53.20186861
53.20489056
53.20663417
53.2049675
53.20443167
53.20348389
53.20051806
53.198605
53.19532611
53.18904583
53.18609972
53.18808639
53.191255
53.19493194
53.1978
53.19981611
53.19275056
53.21112528
53.21600028
53.21976056
53.22332417
53.22453944
53.22750306
53.18939944
53.18707083
53.17713667
53.17433583
53.17210889
53.16681111
53.16394194
53.15563889
53.15220833
53.14998889
53.14934389
53.15003889
53.150145
53.14855111
53.14683111
53.14520056
53.14395083
53.1395325
53.13834056
53.13537972
53.13260167
53.13252139
53.13315861
53.13067389
53.12498111
53.12189694
53.11943194
53.11709611
53.11419389
53.11148194
53.10856194
53.10533
53.09409806
53.09034889
53.08422694
53.07835111
53.07067389
53.07155389
53.08402611
53.08999806
53.09432111
53.10176306
53.10601611
53.10856
53.11139
53.11404806
53.11715611
53.11959194
53.12190889
53.125545
53.12893389
53.13046111
53.13261528
53.13277111
53.13509972
53.13669
53.1384675
53.13951028
53.14392806
53.14540889
53.148065
53.15001611
53.15002
53.14919611
53.14965472
53.15238333
53.15561694
53.16291
53.1667975
53.17231556
53.17450222
53.18732417
53.18930306
53.10626611
53.10623806
53.10585389
53.10614306
53.10615194
53.38420389
53.452615
53.45330889
53.45298194
53.34676306
53.34661194
53.411545
53.37343306
53.39632889
53.40401778
53.4085875
53.45478583
53.4554
53.28623694
53.28381861
53.28617639
53.45268722
53.286
53.28610556
53.28582194
53.28622194
53.28668167
53.27584556
53.27618833
53.29241111
53.28747306
53.29118694
53.39311361
53.38171222
53.39291139
53.39726528
53.36595194
53.38204694
53.39240806
53.39448917
53.31629611
53.350845
53.3749
53.39631194
53.35767111
53.38853
53.37805194
53.45086528
53.39872389
53.37346389
53.37189056
53.30707111
53.27551417
53.33253
53.33437306
53.35475556
53.36240306
53.36424611
53.32804111
53.34660389
53.34832694
53.32234722
53.34524889
53.35096778
53.34616194
53.35055694
53.20834389
53.37720694
53.461655
53.33586889
53.28884306
53.28916833
53.29331472
53.28641889
53.28852306
53.2806
53.29400194
53.32594
53.32061389
53.33991194
53.27505556
53.36044806
53.2872825
53.27516722
53.39417139
53.41947167
53.38841694
53.35678389
53.35420389
53.37635806
53.28906194
53.2889725
53.39130444
53.364605
53.36553889
53.28888944
53.39441583
53.39499833
53.39058194
53.347135
53.34618306
53.36682889
53.36156694
53.36404
53.36474194
53.36333389
53.37582
53.35225
53.35596306
53.35393306
53.33996389
53.3407
53.339945
53.36258
53.375335
53.3443
53.34423111
53.36913806
53.37167306
53.37344111
53.37213194
53.32886111
53.340325
53.31203306
53.16950528
53.31312111
53.31564306
53.31210694
53.31087
53.37573111
53.38167333
53.38666
53.386245
53.31928
53.39844694
53.38623389
53.32125306
53.32491
53.32648806
53.32493306
53.326805
53.32502611
53.28130806
53.31756806
53.31752889
53.27948806
53.34176306
53.34065889
53.401595
53.27802111
53.28134222
53.28192417
53.28292889
53.28278417
53.28162278
53.28080056
53.28897917
53.37060306
53.37044611
53.37265889
53.319355
53.29541806
53.29754694
53.38852917
53.18339806
53.18423389
53.18435694
53.18532389
53.38968611
53.402495
53.39924111
53.40213
53.40231889
53.35754694
53.35575389
53.34762389
53.34609611
53.34440333
53.34333694
53.33978
53.34033806
53.34241111
53.345935
53.34759389
53.34892389
53.34744917
53.345085
53.34769639
53.32665889
53.33990389
53.34723639
53.34042194
53.34791
53.34543694
53.34731
53.34919889
53.34335889
53.34349111
53.34465694
53.34662278
53.347585
53.35497806
53.28069139
53.28939556
53.28286611
53.28083694
53.28081889
53.28367583
53.28486083
53.28943861
53.2900575
53.31330389
53.32513694
53.32227611
53.31723389
53.31681889
53.31747611
53.32033194
53.31989889
53.32122306
53.32015
53.31754694
53.31809694
53.326075
53.323005
53.38496806
53.40470611
53.35040944
53.34769917
53.34950944
53.34350861
53.40024306
53.39747
53.39340694
53.39297611
53.39430194
53.39308389
53.394935
53.39753694
53.40010389
53.31081
53.28241667
53.2839225
53.29701111
53.29573
53.28292056
53.29128917
53.28874722
53.35267944
53.34975806
53.346615
53.35051694
53.35211111
53.35425806
53.29050694
53.29333389
53.27580306
53.27581694
53.41097861
53.4116475
53.41960694
53.42046917
53.37951111
53.39433278
53.28539194
53.28247389
53.27902389
53.278175
53.27846889
53.28033194
53.27829306
53.27909694
53.28246
53.28534611
53.32089806
53.32121194
53.40353222
53.40387306
53.40347306
53.40379694
53.40357139
53.40396944
53.28317889
53.38250694
53.39693472
53.37161167
53.37279889
53.39226722
53.35241806
53.347365
53.33706194
53.34561417
53.34519361
53.39753889
53.39852
53.39832806
53.37549111
53.27725417
53.45963806
53.17437583
53.279815
53.27781389
53.33815194
53.33459806
53.33196306
53.334125
53.29663694
53.29920694
53.29929806
53.29745306
53.29616194
53.27911444
53.2766675
53.27611056
53.27556194
53.27503278
53.27469722
53.27656111
53.276805
53.27689306
53.27479194
53.27513889
53.27562833
53.27621889
53.27685944
53.27947278
53.34742972
53.3951675
53.393105
53.37015306
53.37210111
53.37423306
53.37215111
53.37026694
53.37238306
53.37610694
53.37614694
53.37336611
53.38666389
53.46000111
53.46054806
53.46254
53.46388611
53.46572111
53.46663306
53.46552
53.46404889
53.46151
53.45985
53.45985389
53.46489111
53.46809194
53.46870306
53.46960111
53.46834111
53.46821694
53.46936806
53.46866694
53.46825806
53.45216083
53.45443861
53.27483306
53.27619
53.28083111
53.28756972
53.28901889
53.278855
53.27763889
53.36285
53.36409
53.36134694
53.39267
53.39086194
53.30494889
53.30499389
53.07111806
53.45961806
53.464995
53.28505056
53.35701194
53.39899889
53.40198361
53.4092575
53.41133667
53.40421556
53.272665
53.24653694
53.27365694
53.402315
53.41520333
53.27735861
53.27765222
53.41910972
53.41172611
53.41108556
53.41067556
53.40093806
53.40250889
53.40383694
53.40454389
53.40312806
53.40093
53.29045028
53.26128306
53.25889389
53.25861306
53.261425
53.29338056
53.27569389
53.27067611
53.33976611
53.32021194
53.44464306
53.44553194
53.44455694
53.44517389
53.29546917
53.46078389
53.28357694
53.24590611
53.24581194
53.27355694
53.27202611
53.41912889
53.35751389
53.35089306
53.39716694
53.39569639
53.37913389
53.60593944
53.49150083
53.41096167
53.40930944
53.45063
53.45314611
53.45966611
53.46125389
53.46098694
53.45982194
53.45301
53.44833
53.44718889
53.45198889
53.45048306
53.22170389
53.18792389
53.18582861
53.47263611
53.33815194
53.33898611
53.22027389
53.16724389
53.362305
53.38176306
53.37229889
53.350515
53.29789806
53.30076
53.30447
53.30697389
53.30704694
53.30428611
53.2985
53.27733389
53.26201556
53.26552667
53.29770861
53.29669361
53.29697444
53.29794611
53.29050889
53.34168611
53.17679222
53.07788611
53.16170972
53.35112111
53.27767444
53.27566694
53.37270194
53.37719889
53.37259111
53.32494111
53.32908111
53.31557111
53.39823611
53.39833694
53.39743389
53.39817389
53.398495
53.27093611
53.27619889
53.350375
53.49137694
53.31471389
53.27171306
53.39570889
53.48971917
53.51785472
53.34593889
53.17046722
53.29447639
53.29508472
53.30999194
53.35281694
53.4199425
53.26986611
53.26976167
53.45287722
53.32756306
53.32406
53.32741889
53.44833583
53.40112194
53.40264694
53.33807
53.33820389
53.3373
53.33737694
53.33592111
53.33559
53.33455694
53.33459806
53.3325
53.33265806
53.447825
53.29263611
53.32014
53.29251
53.60450056
53.48104806
53.43475694
53.434825
53.43411806
53.45423694
53.45291444
53.32199111
53.32145806
53.350205
53.3902825
53.34088806
53.35308694
53.33589306
53.28322944
53.57746028
53.5759025
53.39724167
53.39939889
53.39046306
53.31709889
53.28640694
53.28636194
53.44609611
53.38364306
53.376805
53.32582306
53.28675611
53.20030694
53.38732611
53.388135
53.389145
53.39069694
53.39080806
53.38925889
53.38752194
53.400125
53.45438028
53.31129806
53.38637111
53.25528111
53.3997
53.40086806
53.29563694
53.43124556
53.09920389
53.32354111
53.32360389
53.32373611
53.32824
53.32338111
53.32485194
53.326315
53.32692806
53.32826389
53.32825306
53.32841389
53.32837806
53.32642389
53.32498194
53.36590111
53.36492389
53.365015
53.36491111
53.36524806
53.36642806
53.43220194
53.30953694
53.36467389
53.36521306
53.277095
53.39562694
53.38669417
53.40225
53.29666611
53.29677806
53.29303389
53.29508611
53.29367889
53.29407306
53.29407389
53.39988806
53.39985694
53.40205194
53.40139111
53.41807806
53.41816389
53.40115194
53.39804194
53.40181583
53.32829306
53.32707611
53.32271
53.32285
53.32547694
53.35043889
53.34792
53.40395389
53.39527528
53.39767833
53.40608389
53.27291
53.27333694
53.271775
53.27111111
53.27261806
53.27234389
53.27109611
53.27193611
53.27344889
53.27294111
53.33616694
53.33630889
53.2745
53.44356306
53.443415
53.44346194
53.40147194
53.40290611
53.402855
53.40231111
53.402655
53.40158806
53.27633306
53.27454806
53.27542389
53.30127611
53.27417
53.27643389
53.279355
53.27300889
53.27304194
53.279365
53.403495
53.462225
53.40594194
53.40649306
53.40613611
53.40256111
53.40440694
53.40268194
53.40387111
53.38092889
53.38152306
53.40185611
53.34295611
53.44067111
53.44073306
53.33068389
53.33074889
53.40162306
53.398805
53.39416111
53.39405194
53.43002889
53.43086694
53.39399111
53.37661
53.37651694
53.39566306
53.395895
53.37419694
53.39827389
53.49352222
53.48055056
53.48107722
53.32505
53.39740944
53.39311694
53.39301111
53.3513
53.35094306
53.31830389
53.27353139
53.28010611
53.28480806
53.29024611
53.28950806
53.28835611
53.28769806
53.27783389
53.28465194
53.27938806
53.27942111
53.41926889
53.41908139
53.36971889
53.369695
53.347905
53.35022194
53.34741111
53.34478389
53.338005
53.33536194
53.33788
53.33795389
53.33528806
53.338245
53.34369611
53.34489806
53.350325
53.39818694
53.42014111
53.42133667
53.42178222
53.41975889
53.41825833
53.41815056
53.41983028
53.42191667
53.42135056
53.42098861
53.4170475
53.33802694
53.34278694
53.40198806
53.39754889
53.40253611
53.46024611
53.44496611
53.45682806
53.33764111
53.33733889
53.33781
53.337555
53.278385
53.28262194
53.283225
53.40843444
53.40824222
53.40587694
53.33821111
53.33811611
53.39307278
53.40295
53.40308694
53.46806611
53.47215194
53.48281306
53.48743694
53.34067111
53.34130694
53.33927806
53.33928389
53.33974
53.33987194
53.33934889
53.4874
53.47216806
53.40729389
53.32223389
53.32087306
53.38891
53.39191806
53.39659889
53.39661
53.39205806
53.39127694
53.38902111
53.377095
53.37586611
53.34521472
53.48983139
53.4933775
53.52098611
53.60619639
53.60395194
53.58954306
53.273515
53.30694
53.307025
53.27696806
53.28609083
53.27704611
53.352125
53.35476111
53.35672306
53.35756194
53.299475
53.46085194
53.40450889
53.40381694
53.35405889
53.44722389
53.44731611
53.44494694
53.44500694
53.39664111
53.32809694
53.49286694
53.14096
53.14105194
53.28752
53.34779
53.381755
53.38163806
53.38342889
53.38891
53.27724806
53.39781667
53.28844389
53.38378694
53.330085
53.32237111
53.34031694
53.37329389
53.36587
53.40287111
53.39714139
53.39718333
53.35405806
53.38343389
53.397745
53.39840861
53.4033525
53.40256194
53.40275889
53.3987925
53.151365
53.15151806
53.167715
53.16768889
53.16346111
53.16358806
53.14912389
53.14872306
53.12980889
53.12980306
53.12103
53.121085
53.11648889
53.11665694
53.10598111
53.10653306
53.09630194
53.09666806
53.09586611
53.10616111
53.10718194
53.07656889
53.07647806
53.40610306
53.40599806
53.13246306
53.13276111
53.13034389
53.13031306
53.1287
53.12878194
53.126495
53.12926889
53.12941889
53.13340306
53.26028111
53.25562806
53.57753444
53.30616111
53.20472444
53.09861889
53.36544
53.36537611
53.252175
53.40991472
53.4095775
53.36849
53.271925
53.271425
53.43400611
53.440565
53.44054194
53.28851611
53.277135
53.33299694
53.40137694
53.33240694
53.33425611
53.41276694
53.41284472
53.40468917
53.42801889
53.42790556
53.42532389
53.40392194
53.12801
53.29356806
53.316965
53.39545389
53.27041194
53.26593944
53.18172
53.18459
53.18546806
53.18390806
53.18286306
53.18141
53.33162111
53.38398583
53.27283111
53.38974833
53.37880889
53.41034806
53.408825
53.33925
53.33999111
53.339435
53.39798306
53.38601861
53.33955611
53.33909694
53.34646194
53.265325
53.37610694
53.34757194
53.34749889
53.34837
53.42674889
53.42678389
53.35137694
53.33989306
53.33959611
53.32514889
53.26565694
53.26897111
53.26573694
53.26914111
53.28738611
53.28926306
53.28941389
53.28752694
53.38567
53.38800889
53.38887889
53.38545611
53.38779306
53.38908889
53.37985611
53.37974806
53.28189111
53.32659194
53.34318111
53.331935
53.33236111
53.27613028
53.26437306
53.28248972
53.28146417
53.28238639
53.27960389
53.28117833
53.28181722
53.34633806
53.33501194
53.33557889
53.39006667
53.29084194
53.28262611
53.12893194
53.12880083
53.36782611
53.37925694
53.26706806
53.33904889
53.39547889
53.41757917
53.33741306
53.34719056
53.35089
53.35439389
53.40207306
53.27353389
53.39713306
53.39688306
53.28249639
53.28274194
53.35714389
53.24804389
53.42646306
53.42664306
53.34557
53.34678694
53.34368694
53.27315889
53.34825194
53.35044806
53.38677556
53.18251611
53.33370806
53.34246
53.33824306
53.34416111
53.34432306
53.29011194
53.34201694
53.34197
53.34453611
53.34497111
53.34889389
53.35269611
53.37173889
53.37159306
53.347215
53.34139389
53.44956806
53.346885
53.346855
53.24139889
53.24334833
53.27867111
53.274315
53.26738389
53.26763889
53.27510111
53.27908889
53.45486111
53.29915111
53.39514806
53.34682306
53.27689389
53.35378306
53.37242389
53.39924389
53.40674111
53.41287889
53.41405694
53.42162694
53.41445611
53.413185
53.40675
53.39919694
53.37246611
53.52203889
53.485715
53.45081
53.38142
53.40637611
53.406415
53.39497194
53.39491111
53.38369
53.37725806
53.37732694
53.38154306
53.34999889
53.35162111
53.35642806
53.35562194
53.35205889
53.35056194
53.35009306
53.36526889
53.32219194
