-6.263695
-6.263783056
-6.264166111
-6.264443056
-6.264561944
-6.265155
-6.265383889
-6.264366944
-6.264623056
-6.262723889
-6.260973056
-6.305635
-6.258398056
-6.255931111
-6.255493056
-6.254291111
-6.252781944
-6.256245
-6.260346111
-6.263611111
-6.266575
-6.265988889
-6.265663056
-6.304578056
-6.268845
-6.27137
-6.271751111
-6.270908056
-6.267871944
-6.264878889
-6.2655
-6.265648889
-6.264663056
-6.26184
-6.257438889
-6.253873056
-6.25211
-6.254133056
-6.255358889
-6.257276111
-6.258763889
-6.260865
-6.263266111
-6.264533889
-6.26282
-6.265556944
-6.268455
-6.27645
-6.276603889
-6.281186111
-6.28487
-6.289248889
-6.292728889
-6.295213056
-6.298033056
-6.300863889
-6.304223056
-6.30332
-6.304416944
-6.304241111
-6.300705
-6.295448056
-6.291296944
-6.289556111
-6.283971944
-6.280786111
-6.27605
-6.271958889
-6.271673056
-6.26554
-6.263696944
-6.251858889
-6.251143889
-6.25486
-6.257676111
-6.261568056
-6.265251944
-6.265396944
-6.264674167
-6.264153056
-6.264376944
-6.322363056
-6.267719722
-6.276813056
-6.281692778
-6.279683611
-6.268600278
-6.263951111
-6.263703333
-6.263711111
-6.265036944
-6.259648889
-6.257526111
-6.253568056
-6.250821111
-6.264086944
-6.263680556
-6.271423056
-6.274181389
-6.278349167
-6.286286111
-6.286061111
-6.289856667
-6.292630833
-6.291806667
-6.278091111
-6.274071667
-6.269243333
-6.265043889
-6.265828056
-6.268063056
-6.265968889
-6.26499
-6.269291111
-6.270073056
-6.275538889
-6.279563056
-6.28166
-6.281625
-6.283676944
-6.282816944
-6.280468889
-6.283755
-6.286293056
-6.286973889
-6.284413889
-6.2801
-6.280533889
-6.280938889
-6.281555
-6.279281944
-6.276206111
-6.276331944
-6.275993056
-6.27421
-6.269881944
-6.26874
-6.268971111
-6.270018889
-6.271581944
-6.272436944
-6.272581111
-6.273461944
-6.273366111
-6.26937
-6.268063056
-6.294104167
-6.26997
-6.2735
-6.273738056
-6.273225
-6.272835
-6.272286111
-6.271593889
-6.270108056
-6.268898056
-6.24993
-6.246638889
-6.245341111
-6.247463889
-6.249858889
-6.24792
-6.245866111
-6.248318056
-6.24916
-6.246266111
-6.244888056
-6.246648889
-6.242433056
-6.238176111
-6.23678
-6.233788333
-6.238535556
-6.244980833
-6.246892222
-6.249303611
-6.251919167
-6.254183889
-6.257438333
-6.262200556
-6.251344444
-6.259719444
-6.256536389
-6.249065556
-6.245949722
-6.236980556
-6.233536944
-6.234803889
-6.237236944
-6.238146944
-6.24351
-6.232010556
-6.229539722
-6.223498611
-6.219566667
-6.216213056
-6.214488889
-6.214478056
-6.216143889
-6.220245278
-6.223219722
-6.22795
-6.22439
-6.224098056
-6.231531944
-6.262833889
-6.262723056
-6.262483056
-6.26223
-6.26203
-6.260435
-6.259538889
-6.260801111
-6.258791111
-6.260671944
-6.331791111
-6.26052
-6.261236944
-6.260581944
-6.261111111
-6.328361111
-6.260531111
-6.255625
-6.256273056
-6.256588889
-6.255253889
-6.256768889
-6.256371111
-6.256013889
-6.255763056
-6.256576944
-6.256278889
-6.256053889
-6.280071944
-6.279518056
-6.278901944
-6.266191944
-6.261816111
-6.260611111
-6.259073889
-6.259078889
-6.259276944
-6.259275
-6.265346111
-6.265436944
-6.278626111
-6.259905
-6.260463889
-6.265336111
-6.261061111
-6.261683056
-6.27853
-6.258325
-6.258156111
-6.257886111
-6.257703056
-6.25614
-6.256793889
-6.256266111
-6.256576111
-6.24977
-6.245313056
-6.242426111
-6.239613889
-6.236453056
-6.233038889
-6.226721944
-6.223103056
-6.223025
-6.219673889
-6.217906944
-6.216363056
-6.214384444
-6.209266111
-6.208823889
-6.207305
-6.209213056
-6.212296944
-6.20763
-6.20894
-6.210171944
-6.211227778
-6.215773056
-6.218476111
-6.219583889
-6.222285
-6.223916944
-6.227426944
-6.222331111
-6.235421944
-6.239713056
-6.242066944
-6.245531944
-6.248258056
-6.25323
-6.256403056
-6.255596111
-6.256093056
-6.253853056
-6.250013889
-6.247656111
-6.243878056
-6.241758889
-6.237256944
-6.236441944
-6.234473333
-6.232947778
-6.229369444
-6.225970556
-6.223386944
-6.220433889
-6.217486111
-6.214481944
-6.210313056
-6.207393056
-6.203711944
-6.201468056
-6.199823889
-6.195013056
-6.190708056
-6.18713
-6.203743056
-6.206113889
-6.215036111
-6.211998056
-6.209026944
-6.207540556
-6.208528056
-6.210556389
-6.2066725
-6.2169275
-6.213499722
-6.207755
-6.207566667
-6.209913056
-6.210906944
-6.205645
-6.203461111
-6.184046944
-6.188958889
-6.191045
-6.1949
-6.197366111
-6.201881944
-6.204756111
-6.206946111
-6.211263889
-6.213388889
-6.216276111
-6.218253056
-6.222015
-6.223956944
-6.228638889
-6.233902222
-6.236063056
-6.237343056
-6.238931111
-6.241311111
-6.243593889
-6.24736
-6.251671111
-6.249726111
-6.252165
-6.250701111
-6.249096111
-6.246263056
-6.243671111
-6.243313056
-6.245788056
-6.248623056
-6.252051111
-6.254068889
-6.248088889
-6.245661944
-6.240913056
-6.239553056
-6.237988889
-6.235341111
-6.231608056
-6.22632
-6.221146944
-6.212706944
-6.209938056
-6.20756
-6.204023333
-6.201438056
-6.193886944
-6.187028889
-6.181881944
-6.177393056
-6.173491944
-6.168141111
-6.164243889
-6.159335
-6.155098056
-6.152018889
-6.146261944
-6.142371111
-6.138003056
-6.133481944
-6.128341944
-6.123183056
-6.11805
-6.114516944
-6.108193889
-6.104628889
-6.101001111
-6.090661944
-6.086158889
-6.079465
-6.0732
-6.070418056
-6.065075
-6.065326944
-6.05915
-6.057536111
-6.056621111
-6.05458
-6.056111111
-6.05864
-6.055788889
-6.054733056
-6.05582
-6.056888056
-6.057736944
-6.05971
-6.064253056
-6.065403056
-6.066343889
-6.070151111
-6.074273889
-6.079618889
-6.083983056
-6.091966944
-6.100118056
-6.105185
-6.110821944
-6.116818056
-6.124698889
-6.127578889
-6.134261944
-6.137238056
-6.144268889
-6.148428056
-6.15113
-6.155551111
-6.159226944
-6.161783056
-6.16469
-6.169111111
-6.173003889
-6.176206944
-6.179636944
-6.183033889
-6.187416944
-6.190776111
-6.193551944
-6.19785
-6.20215
-6.204465278
-6.208601944
-6.211528889
-6.218891944
-6.223985
-6.226796111
-6.233541111
-6.237338056
-6.239618056
-6.2421
-6.24478
-6.247281111
-6.252733889
-6.25626
-6.189103889
-6.186306111
-6.18403
-6.181983056
-6.183883056
-6.185941111
-6.189301944
-6.189335
-6.184126944
-6.183906111
-6.186716111
-6.189863889
-6.188356111
-6.186723889
-6.183433056
-6.182368056
-6.183091111
-6.183863056
-6.185683889
-6.188613056
-6.189643056
-6.185498889
-6.179916944
-6.175323056
-6.176998889
-6.175413889
-6.177691111
-6.178925
-6.183123889
-6.185796944
-6.219551111
-6.222061111
-6.22429
-6.226978056
-6.229335
-6.228656944
-6.226008889
-6.224138056
-6.221061111
-6.216082222
-6.248531944
-6.109311944
-6.105976944
-6.102961944
-6.100676944
-6.1022
-6.102643056
-6.100295
-6.097615
-6.094828889
-6.094335
-6.097753056
-6.099276944
-6.101363056
-6.102218889
-6.100805
-6.104151111
-6.100251111
-6.098891944
-6.094345
-6.090806944
-6.089926944
-6.088113889
-6.084201944
-6.079385
-6.077456944
-6.074038056
-6.06639
-6.063198056
-6.06003
-6.0586
-6.060061944
-6.197026111
-6.065831944
-6.068093056
-6.073481944
-6.076898889
-6.079878889
-6.082833889
-6.088488056
-6.090123056
-6.091098889
-6.094086944
-6.097408889
-6.099876111
-6.17571
-6.175711944
-6.174488889
-6.170466111
-6.167601111
-6.16682
-6.163471944
-6.162426111
-6.1618
-6.062973056
-6.240473889
-6.161791111
-6.163453056
-6.16699
-6.167441111
-6.169836944
-6.172718889
-6.174821111
-6.175453056
-6.255561111
-6.255696944
-6.255003889
-6.250828889
-6.24847
-6.246555
-6.24444
-6.243521111
-6.244280278
-6.245141389
-6.242576111
-6.239573889
-6.237663889
-6.233323889
-6.23055
-6.227471944
-6.224361944
-6.221138056
-6.216628056
-6.21888
-6.221316944
-6.225783056
-6.227763056
-6.231315
-6.233256944
-6.235483889
-6.239063889
-6.241803889
-6.243658889
-6.2454475
-6.244343889
-6.243664167
-6.24458
-6.246965
-6.248618056
-6.251733889
-6.256116944
-6.258545
-6.2571
-6.258663889
-6.258661111
-6.269721944
-6.269785
-6.274738889
-6.279576111
-6.281753056
-6.284538056
-6.287715
-6.291263889
-6.29398
-6.295643889
-6.2977
-6.295331944
-6.293358889
-6.289978056
-6.287276944
-6.284218056
-6.280953889
-6.276088056
-6.269603056
-6.269271111
-6.265978056
-6.293503056
-6.293836111
-6.291813056
-6.291171111
-6.293241944
-6.296913889
-6.301155
-6.303571111
-6.299733056
-6.295898056
-6.292151944
-6.291318889
-6.294086944
-6.293301944
-6.260435
-6.263196111
-6.26633
-6.268248056
-6.270188056
-6.267748889
-6.265398889
-6.260603889
-6.256318889
-6.256463056
-6.25599
-6.256231111
-6.254086111
-6.252245
-6.249026111
-6.247926944
-6.251199167
-6.253221111
-6.252836111
-6.248348889
-6.246551944
-6.242795
-6.240803889
-6.238366944
-6.238286111
-6.238463056
-6.236906111
-6.235953056
-6.234231944
-6.235591667
-6.237091389
-6.230046944
-6.237078056
-6.237881111
-6.238823056
-6.238403889
-6.239143889
-6.241021111
-6.244288056
-6.246268889
-6.248653889
-6.252446944
-6.259136944
-6.264168056
-6.263991944
-6.261328056
-6.258366111
-6.252495556
-6.2488475
-6.170369722
-6.247601944
-6.25072
-6.252351111
-6.254066944
-6.124285
-6.124466111
-6.125383889
-6.126566111
-6.127505
-6.129376944
-6.131406944
-6.13332
-6.136221111
-6.139123056
-6.136418889
-6.133356944
-6.128123889
-6.12678
-6.126131944
-6.125013056
-6.12423
-6.130360556
-6.134728611
-6.136891111
-6.138645
-6.142175833
-6.142234722
-6.138768333
-6.310040833
-6.136328056
-6.134280278
-6.131612778
-6.128026111
-6.152901111
-6.157811667
-6.163785278
-6.166908333
-6.171879444
-6.176454444
-6.182856111
-6.215471944
-6.234923889
-6.303030556
-6.307060833
-6.310955556
-6.306755
-6.303897778
-6.299375278
-6.241206944
-6.229225278
-6.181917222
-6.257536944
-6.257341111
-6.259941111
-6.264413056
-6.264316111
-6.26464
-6.26484
-6.265113056
-6.265636944
-6.264538056
-6.265006944
-6.265016111
-6.262458056
-6.260303889
-6.257888056
-6.255701944
-6.256125556
-6.259045
-6.263483889
-6.265616944
-6.264018056
-6.264301944
-6.261346944
-6.259638056
-6.257356111
-6.25648
-6.257328056
-6.262336944
-6.260796944
-6.25696
-6.256783889
-6.25734
-6.255865833
-6.255303889
-6.258838889
-6.260903889
-6.262763889
-6.26407
-6.265211944
-6.265368889
-6.265598056
-6.2653
-6.26485
-6.264575
-6.187045
-6.263918889
-6.265448889
-6.266545
-6.268756944
-6.27075
-6.271913056
-6.273568056
-6.27576
-6.278238056
-6.282373889
-6.285606111
-6.289391389
-6.2931775
-6.297502778
-6.300576389
-6.305281111
-6.309206111
-6.311651944
-6.314678056
-6.319965
-6.321388056
-6.322131111
-6.323356111
-6.323571111
-6.322658056
-6.326416111
-6.329313889
-6.333513056
-6.334001111
-6.332101944
-6.328973056
-6.325793056
-6.323243056
-6.322151944
-6.318571111
-6.315331111
-6.310848056
-6.30749
-6.298228611
-6.294917778
-6.292413889
-6.287986111
-6.285418889
-6.288298889
-6.29102
-6.293366111
-6.298108889
-6.302821944
-6.3084
-6.297276111
-6.297123056
-6.309559444
-6.311006111
-6.310953056
-6.313366111
-6.315058889
-6.318171111
-6.318318889
-6.314846944
-6.313378056
-6.310968056
-6.311098889
-6.307103889
-6.30234
-6.299006111
-6.296393056
-6.293183056
-6.290481111
-6.287718056
-6.285791944
-6.281593056
-6.276406944
-6.272876944
-6.27143
-6.270031111
-6.268551111
-6.26653
-6.254243889
-6.255243056
-6.256666944
-6.258693056
-6.261158056
-6.221863889
-6.225236944
-6.218843056
-6.218913889
-6.30064
-6.300911111
-6.253905
-6.221506111
-6.226321944
-6.23134
-6.235576944
-6.235771111
-6.233053056
-6.230651111
-6.227433889
-6.225101111
-6.221221944
-6.214438611
-6.211758333
-6.206905
-6.202756944
-6.201041944
-6.196048889
-6.193415
-6.187518889
-6.18184
-6.178085
-6.178991944
-6.178656944
-6.17796
-6.177341944
-6.176581111
-6.176726111
-6.177698889
-6.178026944
-6.178926944
-6.178633056
-6.177928889
-6.18422
-6.208343056
-6.212198889
-6.216098333
-6.206843056
-6.208501111
-6.210923056
-6.213893056
-6.214825
-6.215068056
-6.218512778
-6.225426389
-6.227828889
-6.230466944
-6.231226944
-6.2326
-6.225604167
-6.218983611
-6.214906111
-6.21505
-6.211163889
-6.209073889
-6.207066944
-6.199906944
-6.2204475
-6.206213056
-6.222979167
-6.199968889
-6.197158889
-6.201233889
-6.207538056
-6.222379444
-6.214693611
-6.211351111
-6.208966111
-6.206926111
-6.190818056
-6.194873889
-6.198811111
-6.204891944
-6.190691944
-6.204718056
-6.200278889
-6.197883889
-6.193706111
-6.187183056
-6.191838056
-6.195286944
-6.197961944
-6.202065
-6.202958056
-6.206181111
-6.261286111
-6.261696944
-6.303121111
-6.278274444
-6.264485
-6.264921111
-6.265866111
-6.265153889
-6.265723056
-6.266111944
-6.269676944
-6.273098889
-6.275151111
-6.276298056
-6.278136944
-6.279095
-6.278791111
-6.279536111
-6.281596111
-6.282383889
-6.283041111
-6.283901389
-6.283421111
-6.283496667
-6.283841389
-6.283739167
-6.284551111
-6.283746389
-6.279891667
-6.277629722
-6.275251667
-6.271698889
-6.267319167
-6.264569722
-6.261314167
-6.258802778
-6.258231667
-6.264240833
-6.261820833
-6.269965556
-6.272311389
-6.275879444
-6.280861944
-6.282178889
-6.28244
-6.282668056
-6.282808056
-6.282393889
-6.282896111
-6.282505
-6.282351111
-6.281994444
-6.283985556
-6.2846275
-6.2840575
-6.284053611
-6.283458333
-6.284000556
-6.284031111
-6.283056944
-6.282571944
-6.282285
-6.280998889
-6.27898
-6.279318889
-6.279358889
-6.277561944
-6.276228889
-6.275335
-6.273878889
-6.270873056
-6.267473889
-6.265386944
-6.265415
-6.266066944
-6.265835
-6.264568056
-6.262861111
-6.261423056
-6.276611944
-6.279901944
-6.285226111
-6.28801
-6.290441111
-6.294314722
-6.296560556
-6.302235
-6.305241944
-6.307918056
-6.309861944
-6.312016944
-6.312998889
-6.312081944
-6.308768889
-6.30473
-6.301366111
-6.29911
-6.295976667
-6.293745
-6.290648056
-6.28657
-6.282388056
-6.278301944
-6.284431944
-6.286801111
-6.291178889
-6.295438889
-6.314938056
-6.313843889
-6.31026
-6.30541
-6.298641111
-6.295973056
-6.28953
-6.286673889
-6.284398056
-6.291691389
-6.294443611
-6.297358056
-6.299765
-6.303268056
-6.305891944
-6.308771944
-6.312296944
-6.316361944
-6.319543056
-6.323036111
-6.322886944
-6.319418889
-6.316723889
-6.318031944
-6.322388889
-6.322308056
-6.319126944
-6.31615
-6.311128889
-6.308378889
-6.305778056
-6.302305
-6.298995
-6.296511667
-6.279406944
-6.28275
-6.283303056
-6.303013056
-6.307108889
-6.269528056
-6.273738889
-6.278283889
-6.288166944
-6.297883889
-6.301851944
-6.305431944
-6.308108889
-6.306738056
-6.307631111
-6.305766944
-6.308958889
-6.312621944
-6.316961944
-6.319696111
-6.321048889
-6.323801111
-6.323751944
-6.316485
-6.308641944
-6.306228056
-6.305943889
-6.307481944
-6.313365
-6.308268889
-6.305953056
-6.29853
-6.292341111
-6.284663889
-6.272935
-6.269233056
-6.270616944
-6.239883889
-6.236456944
-6.239943889
-6.23979
-6.238508056
-6.236658056
-6.234675
-6.231946111
-6.228548889
-6.227633889
-6.232536111
-6.235193056
-6.23573
-6.235555
-6.233801944
-6.237281111
-6.250105
-6.257873889
-6.272371111
-6.274488056
-6.278325
-6.284215
-6.287301111
-6.287746111
-6.291728889
-6.300003889
-6.233183056
-6.379481111
-6.311536111
-6.311613056
-6.311831944
-6.310738056
-6.309563889
-6.310573889
-6.311568889
-6.311508056
-6.293983056
-6.2981525
-6.293364722
-6.290558611
-6.287478056
-6.28597
-6.282358056
-6.277263889
-6.273193889
-6.294793889
-6.279188056
-6.284181111
-6.384288611
-6.382498333
-6.301671111
-6.302733056
-6.306615
-6.300691111
-6.304641944
-6.307001944
-6.305251944
-6.305196944
-6.306841944
-6.303903889
-6.300691111
-6.303033056
-6.306506111
-6.304531944
-6.283851111
-6.28025
-6.312460556
-6.312879722
-6.312746389
-6.313048056
-6.315746944
-6.318012778
-6.323713056
-6.334333056
-6.333905556
-6.322026111
-6.315085556
-6.312333056
-6.312617222
-6.311791111
-6.299483056
-6.289241667
-6.294459722
-6.297664722
-6.297598056
-6.300819167
-6.309234722
-6.305620556
-6.310795278
-6.312763056
-6.316275
-6.260799722
-6.306442222
-6.303424722
-6.299540833
-6.297287222
-6.296403056
-6.273745
-6.274593056
-6.275021944
-6.27482
-6.274246111
-6.273221111
-6.244136111
-6.246393889
-6.246233889
-6.245461111
-6.24328
-6.240321944
-6.237873056
-6.239061944
-6.239163056
-6.231693056
-6.230686944
-6.233108889
-6.237723889
-6.238886944
-6.238858889
-6.237586944
-6.240176944
-6.242126111
-6.245178889
-6.245975
-6.24237
-6.2436
-6.250996944
-6.256571111
-6.256980556
-6.282236944
-6.282783889
-6.284361944
-6.294243889
-6.296958889
-6.298763056
-6.303065
-6.309505
-6.304701944
-6.309313056
-6.313121944
-6.317568056
-6.323843889
-6.327683889
-6.330578889
-6.334498889
-6.340293056
-6.344845
-6.35073
-6.356188889
-6.359428889
-6.363138889
-6.366273056
-6.367543056
-6.375196944
-6.381416944
-6.382716944
-6.389491111
-6.38573
-6.382888889
-6.381608056
-6.379543056
-6.375421944
-6.372531111
-6.367703889
-6.364395
-6.361393056
-6.35686
-6.351381944
-6.347743889
-6.343975
-6.339931111
-6.334253056
-6.32981
-6.327648056
-6.323698889
-6.321288889
-6.317428889
-6.313058889
-6.310208889
-6.307338056
-6.305261944
-6.308453889
-6.307276111
-6.302446944
-6.298696944
-6.297036944
-6.291723056
-6.289625
-6.286233889
-6.283308889
-6.281871944
-6.282178056
-6.408238889
-6.174423056
-6.177061111
-6.17917
-6.182853056
-6.186146944
-6.190451111
-6.194126944
-6.196673056
-6.20239
-6.206311944
-6.211015
-6.214439167
-6.216921667
-6.219716667
-6.223914444
-6.226516111
-6.226831944
-6.220802778
-6.216426667
-6.213928611
-6.208773889
-6.205691944
-6.202736111
-6.196816111
-6.193451111
-6.190543889
-6.177793889
-6.185835
-6.181896111
-6.179155
-6.176768889
-6.1871
-6.182838056
-6.182223889
-6.175378056
-6.174298889
-6.187731944
-6.188018056
-6.191231944
-6.195366111
-6.195576944
-6.202281389
-6.205221111
-6.181913056
-6.182791944
-6.185228889
-6.205038056
-6.2033975
-6.1974
-6.195178889
-6.191881111
-6.191028056
-6.189143889
-6.198165
-6.195953056
-6.19297
-6.1916
-6.192228889
-6.178791111
-6.178578889
-6.181946111
-6.178531944
-6.178685
-6.179426944
-6.296853889
-6.19115
-6.191708889
-6.194528056
-6.196648889
-6.19923
-6.202228056
-6.294508889
-6.294156111
-6.297295
-6.297548056
-6.302576944
-6.339251111
-6.354213889
-6.374108333
-6.378997778
-6.378381944
-6.374855833
-6.372256667
-6.374403333
-6.375115278
-6.377815
-6.395085833
-6.398562778
-6.398006944
-6.395345556
-6.383831111
-6.378706944
-6.375201111
-6.371532778
-6.375134444
-6.373759722
-6.379283333
-6.375519722
-6.371339167
-6.3961125
-6.352698889
-6.333946111
-6.369591944
-6.3991675
-6.372125
-6.383438889
-6.388640278
-6.391941944
-6.410656389
-6.415492222
-6.418761111
-6.416663333
-6.415075278
-6.413346667
-6.410369167
-6.406442778
-6.402816111
-6.399961944
-6.399975556
-6.399411389
-6.402284167
-6.406106944
-6.410223056
-6.413571389
-6.415163333
-6.416735
-6.418531111
-6.415561944
-6.409578056
-6.398812778
-6.398204722
-6.3959575
-6.410454167
-6.412251389
-6.417037778
-6.422024167
-6.429713889
-6.428628889
-6.423423889
-6.417154167
-6.413793056
-6.410344722
-6.409751111
-6.409411111
-6.392439722
-6.387474444
-6.383061667
-6.303006111
-6.297068056
-6.293801111
-6.291248056
-6.288506944
-6.2883
-6.420546111
-6.291781111
-6.294801111
-6.26552
-6.268335
-6.273063889
-6.276753889
-6.280656111
-6.285726111
-6.289163889
-6.294611111
-6.298328889
-6.303595
-6.309663056
-6.316338889
-6.317946944
-6.321966111
-6.323591944
-6.325971111
-6.329101944
-6.330218889
-6.332068056
-6.334786944
-6.337906111
-6.343845
-6.346996944
-6.34936
-6.355735
-6.361966944
-6.378526111
-6.37846
-6.379278056
-6.377983889
-6.382263889
-6.384258889
-6.389376111
-6.391721944
-6.390221944
-6.385648056
-6.381916111
-6.372855
-6.361821944
-6.357413056
-6.349481944
-6.34489
-6.342026111
-6.333635
-6.329428056
-6.327213889
-6.325866944
-6.322891111
-6.319043889
-6.314676944
-6.309091944
-6.304761944
-6.299366111
-6.293201944
-6.288471111
-6.285481111
-6.280488056
-6.276573889
-6.273648889
-6.269413889
-6.268261111
-6.216111111
-6.211115833
-6.207804167
-6.204674444
-6.200766111
-6.199133889
-6.19446
-6.192915
-6.179067222
-6.184067222
-6.175015278
-6.172215278
-6.169848056
-6.166631111
-6.164423333
-6.161611389
-6.158290833
-6.159473056
-6.160535278
-6.159725556
-6.145709444
-6.144871667
-6.143391667
-6.142797222
-6.142665556
-6.138208889
-6.134902778
-6.135369167
-6.139234444
-6.1426675
-6.142658611
-6.143733056
-6.145040833
-6.14569
-6.159898889
-6.160297778
-6.159211944
-6.158118611
-6.162028333
-6.164876111
-6.167385278
-6.17076
-6.175085556
-6.180182222
-6.186851944
-6.1899775
-6.193849167
-6.194856667
-6.199535
-6.201188889
-6.204573056
-6.205642778
-6.208145833
-6.209946944
-6.212756111
-6.212633889
-6.211158889
-6.210396944
-6.210536111
-6.21141
-6.212818889
-6.212964167
-6.209575
-6.211598889
-6.220176944
-6.21474
-6.212816111
-6.216073889
-6.219733056
-6.2899
-6.302451944
-6.306793889
-6.309716111
-6.3166
-6.318170556
-6.326141944
-6.329975
-6.337496944
-6.381633889
-6.395601667
-6.395248333
-6.400564167
-6.400180556
-6.399425556
-6.398603056
-6.398073889
-6.397931944
-6.398193611
-6.398375556
-6.399035
-6.399751944
-6.400305
-6.403373889
-6.412458889
-6.414736111
-6.412446111
-6.412333889
-6.413931944
-6.417098889
-6.422275
-6.424263056
-6.424848056
-6.425938889
-6.424586111
-6.426143889
-6.425173889
-6.424201944
-6.421628056
-6.416711944
-6.41411
-6.411553056
-6.412378889
-6.410343889
-6.402378056
-6.395163611
-6.3938825
-6.394638889
-6.394926111
-6.403741111
-6.406201111
-6.419961111
-6.42425
-6.426703056
-6.435651944
-6.408631111
-6.4056
-6.403361111
-6.44212
-6.394708889
-6.392241667
-6.391226944
-6.387646111
-6.382823056
-6.379208889
-6.339171111
-6.335188333
-6.330531944
-6.329118056
-6.327490556
-6.312521944
-6.307261111
-6.302906111
-6.300051944
-6.292607778
-6.310428889
-6.315646111
-6.323428889
-6.328386944
-6.337583889
-6.3416
-6.346728889
-6.351056111
-6.352954167
-6.364571111
-6.373301944
-6.376155833
-6.377658889
-6.377023889
-6.375747778
-6.379660278
-6.377783056
-6.37832
-6.37458
-6.39203
-6.399918056
-6.409276944
-6.415933056
-6.427033056
-6.432443056
-6.436683056
-6.440581111
-6.444791944
-6.44906
-6.449751389
-6.450046667
-6.450256667
-6.448876944
-6.445131111
-6.439295
-6.430948889
-6.435156944
-6.424381944
-6.420723056
-6.410863056
-6.4052
-6.3919
-6.371268056
-6.367009722
-6.355698056
-6.351591944
-6.348271944
-6.343636944
-6.336281111
-6.327863889
-6.321123889
-6.315308056
-6.310968056
-6.238251111
-6.235628056
-6.238186944
-6.237986944
-6.236706944
-6.235023889
-6.232396111
-6.226581944
-6.221933056
-6.217893889
-6.203328056
-6.195598056
-6.203616111
-6.229741111
-6.231606111
-6.237038056
-6.236713056
-6.238508889
-6.235923889
-6.374918056
-6.269795
-6.2705
-6.275476111
-6.278466111
-6.280816111
-6.285228889
-6.318876667
-6.318843056
-6.315200278
-6.316991111
-6.320058056
-6.321083889
-6.320468056
-6.320991944
-6.321193056
-6.319961944
-6.316763056
-6.31557
-6.316933889
-6.319286667
-6.317795278
-6.331018889
-6.332646944
-6.334731944
-6.343108889
-6.345736944
-6.348506111
-6.377991111
-6.351493889
-6.353091111
-6.367901111
-6.3784725
-6.384525556
-6.397391944
-6.401745
-6.401998056
-6.396743056
-6.389596111
-6.384375833
-6.379685
-6.354136111
-6.353008889
-6.351328889
-6.347725
-6.344736111
-6.42277
-6.334133889
-6.332681944
-6.284633056
-6.280158056
-6.278378889
-6.272653889
-6.271996944
-6.272318889
-6.272813056
-6.274378056
-6.279196111
-6.283975
-6.286413889
-6.291233056
-6.295448056
-6.297835
-6.30057
-6.302158056
-6.300848056
-6.29975
-6.299506111
-6.303553889
-6.306285
-6.311183056
-6.316678056
-6.316068889
-6.311253889
-6.30481
-6.299528889
-6.300036944
-6.301368889
-6.302411944
-6.301805
-6.305483889
-6.310854167
-6.313576944
-6.31778
-6.323025
-6.327
-6.33023
-6.351268889
-6.34638
-6.342948889
-6.341225
-6.3434
-6.342831111
-6.340813056
-6.343496111
-6.346403056
-6.350401944
-6.330688889
-6.325488889
-6.32067
-6.316060278
-6.311294722
-6.3089475
-6.302519167
-6.299238889
-6.297688889
-6.294313056
-6.291156944
-6.286016111
-6.283641111
-6.279658056
-6.339776111
-6.340106111
-6.342663889
-6.304147778
-6.307668889
-6.332013056
-6.330511111
-6.331993056
-6.337218889
-6.339655
-6.337078889
-6.337166111
-6.339451111
-6.33655
-6.332625
-6.330135
-6.331171944
-6.308939167
-6.306451111
-6.303925556
-6.373065
-6.2891475
-6.285600278
-6.283385278
-6.281819444
-6.280088889
-6.27747
-6.274239167
-6.269797778
-6.270276944
-6.274334444
-6.278082778
-6.2813925
-6.284417778
-6.289152778
-6.291339722
-6.293119722
-6.295281667
-6.2987175
-6.300856389
-6.309456111
-6.308196944
-6.307868056
-6.308626944
-6.300424722
-6.296941667
-6.293924722
-6.291903611
-6.250095
-6.247145
-6.242365
-6.236341944
-6.225801944
-6.355581944
-6.312816111
-6.315530278
-6.3186
-6.324386667
-6.342346111
-6.348751389
-6.346768056
-6.3544325
-6.358918611
-6.359579167
-6.358913611
-6.356181111
-6.353775556
-6.350098056
-6.323539167
-6.317973611
-6.31498
-6.321566111
-6.333788056
-6.339473889
-6.349533056
-6.355508056
-6.363281111
-6.38392
-6.378943889
-6.379771111
-6.38431
-6.387915
-6.391631111
-6.394933056
-6.394646111
-6.390525
-6.386373889
-6.379066944
-6.384121944
-6.40683
-6.410726944
-6.418796944
-6.432566944
-6.435173889
-6.438353056
-6.449411944
-6.448103056
-6.44238
-6.438433056
-6.434693889
-6.432771944
-6.4261
-6.415481111
-6.410441111
-6.406253056
-6.356408889
-6.349063889
-6.340766944
-6.335305
-6.321388889
-6.313308889
-6.354225
-6.344021111
-6.357591111
-6.361846111
-6.359911944
-6.356108056
-6.350283056
-6.347711944
-6.343098056
-6.340975
-6.340623889
-6.347846944
-6.350646111
-6.355123889
-6.360639444
-6.362075
-6.389605
-6.392585
-6.394901944
-6.400338056
-6.407315
-6.404085
-6.398616111
-6.388972778
-6.357726944
-6.355661944
-6.275368889
-6.274916944
-6.273166944
-6.293838056
-6.296973889
-6.309996944
-6.315388889
-6.319723056
-6.32097
-6.327361111
-6.330751111
-6.333653889
-6.338
-6.342648056
-6.345786944
-6.346673889
-6.348108889
-6.348445556
-6.34869
-6.3528475
-6.358716111
-6.361746944
-6.361266111
-6.360466111
-6.360688889
-6.365173889
-6.370083889
-6.370353889
-6.36505
-6.360516111
-6.36082
-6.361796944
-6.363283056
-6.406115
-6.36754
-6.367774167
-6.372894444
-6.389193889
-6.3955275
-6.404691944
-6.4071025
-6.407745
-6.407981944
-6.407979167
-6.406664444
-6.395851667
-6.388713611
-6.373037778
-6.368190833
-6.363743889
-6.358803889
-6.3531725
-6.348539722
-6.348298056
-6.347702222
-6.346516111
-6.345338889
-6.341683889
-6.332841111
-6.333463056
-6.339496111
-6.341513056
-6.345553056
-6.347056111
-6.341855
-6.33859
-6.33223
-6.237453056
-6.327653889
-6.320098889
-6.233093056
-6.310488056
-6.31138
-6.354455
-6.330420278
-6.332884167
-6.339471944
-6.335963889
-6.334206944
-6.342681111
-6.345521944
-6.356875
-6.357596944
-6.365896944
-6.367171111
-6.370028889
-6.376976111
-6.378531944
-6.382803889
-6.386291111
-6.388208056
-6.38744
-6.387708056
-6.389358889
-6.389506944
-6.387953889
-6.387775
-6.388473889
-6.38699
-6.383233056
-6.378603889
-6.37667
-6.368426111
-6.365676111
-6.354106944
-6.357138056
-6.353101944
-6.345795
-6.342525
-6.35778
-6.337183056
-6.334971944
-6.341091111
-6.336353889
-6.331943333
-6.246253056
-6.210501111
-6.249845
-6.250983056
-6.252253056
-6.262218056
-6.258651111
-6.255605
-6.245245
-6.246251944
-6.247836944
-6.246405
-6.245693056
-6.2452
-6.245708889
-6.246350278
-6.245775
-6.245644722
-6.243660556
-6.241248889
-6.238668889
-6.236836944
-6.233566944
-6.231548889
-6.230346111
-6.229093611
-6.22587
-6.229606111
-6.230661111
-6.232031944
-6.23405
-6.23703
-6.240113889
-6.246371111
-6.245570833
-6.24489
-6.244596944
-6.247945833
-6.249890278
-6.25546
-6.255120556
-6.255613889
-6.258242222
-6.261046389
-6.260696111
-6.257281111
-6.255168889
-6.254980556
-6.255363889
-6.252453056
-6.248630556
-6.246138056
-6.244910556
-6.245193611
-6.245845
-6.246623333
-6.244030556
-6.245723889
-6.249945
-6.248419722
-6.246198889
-6.246631667
-6.245955278
-6.245283611
-6.246025
-6.246615
-6.248145
-6.245086944
-6.255723889
-6.258478056
-6.258986944
-6.262491944
-6.373331111
-6.372161111
-6.367348056
-6.373703056
-6.371633056
-6.373388056
-6.267353056
-6.273776944
-6.273693889
-6.274941111
-6.277595
-6.280798889
-6.28543
-6.287421111
-6.289488056
-6.2905
-6.291815
-6.294031944
-6.296283889
-6.297075556
-6.299025556
-6.298371944
-6.297547222
-6.297673056
-6.297187778
-6.297829167
-6.298807222
-6.299108056
-6.297487222
-6.296698889
-6.295271944
-6.291918889
-6.290266944
-6.289406111
-6.287275
-6.285211111
-6.295819167
-6.293250833
-6.288461944
-6.2863175
-6.289526944
-6.286164444
-6.302595
-6.301125
-6.392123889
-6.358491111
-6.121595
-6.127136111
-6.129011944
-6.284277222
-6.279128056
-6.276917222
-6.273568611
-6.270411667
-6.267267222
-6.264224167
-6.247685
-6.25542
-6.260241944
-6.265500556
-6.268365278
-6.273071389
-6.27725
-6.287554167
-6.293615833
-6.283118889
-6.276573056
-6.273503889
-6.270546944
-6.267256944
-6.279268056
-6.281186944
-6.127376944
-6.122086944
-6.15984
-6.167421944
-6.109758333
-6.263818889
-6.267301944
-6.270591944
-6.273783056
-6.274163056
-6.340183889
-6.340806944
-6.342011111
-6.331246111
-6.331116111
-6.586471111
-6.244402222
-6.2440375
-6.233098056
-6.233733889
-6.233176111
-6.231105
-6.228633056
-6.227388889
-6.224971111
-6.221338056
-6.217026944
-6.217951111
-6.222121944
-6.225623889
-6.22797
-6.22901
-6.231616944
-6.233311944
-6.233506111
-6.233503056
-6.182113889
-6.178271389
-6.174688889
-6.167643889
-6.165728056
-6.160936111
-6.157905
-6.154345
-6.149588889
-6.146231111
-6.109006111
-6.131013056
-6.127038889
-6.124413889
-6.122213889
-6.117795278
-6.114895
-6.111279444
-6.107580278
-6.106885556
-6.107088056
-6.106948333
-6.107116111
-6.106976944
-6.107832778
-6.111761389
-6.116316944
-6.119404444
-6.122751944
-6.12572
-6.12734
-6.130487778
-6.132637778
-6.135818611
-6.145178056
-6.148683889
-6.155025
-6.159268056
-6.162233056
-6.166006111
-6.168441111
-6.17058
-6.174108889
-6.177763056
-6.178096944
-6.181071111
-6.178370833
-6.237100278
-6.239785556
-6.241536667
-6.123876944
-6.126824444
-6.130123889
-6.544726111
-6.169753889
-6.167606944
-6.167163889
-6.166976111
-6.166358889
-6.165286111
-6.163273056
-6.161635
-6.160546944
-6.159378056
-6.158385
-6.159093333
-6.153971944
-6.151051111
-6.150360833
-6.146006111
-6.145171944
-6.142951944
-6.140848056
-6.136031389
-6.130543889
-6.12733
-6.124723056
-6.124090556
-6.124269167
-6.125118056
-6.127608056
-6.130820278
-6.135275
-6.138231111
-6.141736111
-6.145488889
-6.146561944
-6.150006944
-6.153768056
-6.159153889
-6.158536111
-6.159031111
-6.160768056
-6.16193
-6.163003889
-6.164166944
-6.165903889
-6.166731111
-6.167946111
-6.167536944
-6.166873056
-6.169876944
-6.207777778
-6.214169444
-6.217052778
-6.223845833
-6.203326111
-6.177228333
-6.129960556
-6.132338889
-6.134140278
-6.137197222
-6.139542222
-6.140544167
-6.138671111
-6.1376675
-6.1395375
-6.138029444
-6.139923056
-6.136234167
-6.134617222
-6.137562222
-6.137879444
-6.135830278
-6.132520278
-6.130965556
-6.132943056
-6.132644167
-6.128656944
-6.132936667
-6.132365278
-6.133853056
-6.137773611
-6.137805278
-6.134655278
-6.134419444
-6.1392
-6.14189
-6.140444722
-6.14134
-6.139563333
-6.1406975
-6.140302778
-6.137957778
-6.133727222
-6.133035278
-6.131248889
-6.148445556
-6.145786667
-6.142523889
-6.143496389
-6.1461275
-6.171963056
-6.171701944
-6.195383056
-6.193445833
-6.193833056
-6.196443333
-6.198906944
-6.200635
-6.197841944
-6.194953056
-6.200401667
-6.201678056
-6.442477222
-6.449059167
-6.452409167
-6.462601667
-6.472910278
-6.474329444
-6.4714775
-6.459695556
-6.451941389
-6.448979722
-6.442066667
-6.437426111
-6.428945833
-6.186215
-6.185423889
-6.468355
-6.468157778
-6.297717778
-6.300760278
-6.439171944
-6.441385
-6.448838889
-6.449582222
-6.447692778
-6.447918056
-6.441831944
-6.439501944
-6.407686944
-6.410538056
-6.414765
-6.421513889
-6.445486111
-6.450158889
-6.458566111
-6.463098056
-6.466265
-6.480208056
-6.488266111
-6.495501944
-6.499491111
-6.501063056
-6.499361111
-6.496616111
-6.493605
-6.491993889
-6.490611944
-6.493726111
-6.497001944
-6.500623889
-6.50116
-6.499818056
-6.497918056
-6.490958889
-6.489511944
-6.480086111
-6.49605
-6.467316111
-6.461636944
-6.458686111
-6.450806111
-6.444996944
-6.441425
-6.435275
-6.42717
-6.424061111
-6.421416111
-6.414991944
-6.411756111
-6.407443056
-6.391996111
-6.441041944
-6.391858056
-6.398728889
-6.428201944
-6.44468
-6.448058056
-6.452988056
-6.460508056
-6.428023889
-6.4631
-6.465496944
-6.472836111
-6.476828889
-6.474768056
-6.471751111
-6.467903889
-6.465246111
-6.463023889
-6.45963
-6.4528
-6.447668889
-6.444803889
-6.440945
-6.438245
-6.404421111
-6.395815
-6.225883056
-6.222973056
-6.216198889
-6.212361111
-6.211341111
-6.21196
-6.214398056
-6.213048056
-6.20681
-6.200863889
-6.198781944
-6.196168333
-6.189321944
-6.199348056
-6.200906944
-6.207511111
-6.213861111
-6.215396944
-6.21188
-6.211638889
-6.212863889
-6.216626944
-6.229265
-6.223468056
-6.229788056
-6.234502222
-6.240155
-6.237746111
-6.234768889
-6.232128056
-6.2322
-6.228998889
-6.224593889
-6.22191
-6.22059
-6.222151944
-6.222025
-6.22169
-6.221218056
-6.219883056
-6.225526944
-6.235398889
-6.240266111
-6.229021944
-6.22559
-6.219691111
-6.220243056
-6.221278056
-6.2221
-6.220481111
-6.222125
-6.225201111
-6.231168056
-6.232158889
-6.232886111
-6.240164167
-6.234304444
-6.127206667
-6.124967778
-6.123657222
-6.123188056
-6.121517222
-6.121635556
-6.122853333
-6.122914444
-6.123360833
-6.122221944
-6.123089167
-6.123024167
-6.121731111
-6.121777778
-6.123285556
-6.123409444
-6.246278056
-6.204625
-6.102183333
-6.125070556
-6.119939444
-6.121438611
-6.125399444
-6.224385278
-6.17639
-6.181491944
-6.176441944
-6.177926944
-6.177016111
-6.177073056
-6.176353056
-6.173841944
-6.1631625
-6.159873333
-6.154991389
-6.1451075
-6.140748889
-6.132349444
-6.137351111
-6.127565278
-6.122714444
-6.124541111
-6.127173889
-6.12961
-6.131266111
-6.133225
-6.136095
-6.136475278
-6.133791111
-6.131108889
-6.128708056
-6.124793056
-6.124918611
-6.130039167
-6.136286667
-6.134286389
-6.134084167
-6.134354722
-6.133631944
-6.136594444
-6.134622222
-6.1316025
-6.123926944
-6.123085
-6.128059167
-6.134214167
-6.13678
-6.13991
-6.143742778
-6.151431944
-6.152896111
-6.152273889
-6.151211111
-6.151716944
-6.153201944
-6.151896111
-6.151336944
-6.152488056
-6.153223889
-6.155119444
-6.16053
-6.162165556
-6.173076111
-6.174116944
-6.183585556
-6.181299722
-6.169179167
-6.17375
-6.176291111
-6.176981111
-6.176736944
-6.178003889
-6.185345
-6.190991111
-6.197308889
-6.20048
-6.204506389
-6.206488889
-6.213055
-6.204406111
-6.200216111
-6.197186944
-6.191143056
-6.184226111
-6.177826111
-6.176306111
-6.234908889
-6.168224722
-6.244116111
-6.235079722
-6.229843889
-6.230165
-6.230079722
-6.227889444
-6.228336111
-6.228358333
-6.224919444
-6.222431389
-6.220135833
-6.231235
-6.230161111
-6.220006389
-6.221068056
-6.221696111
-6.223819722
-6.226730556
-6.228015833
-6.227996389
-6.227558333
-6.227373333
-6.227883056
-6.227227222
-6.232253056
-6.239532778
-6.244158889
-6.244944167
-6.244554167
-6.238764722
-6.236110556
-6.231225556
-6.218691944
-6.217218611
-6.213452222
-6.210923889
-6.203725556
-6.16209
-6.177260833
-6.151193056
-6.148477778
-6.142154167
-6.135416667
-6.128359167
-6.123046667
-6.114528889
-6.113996667
-6.114853333
-6.116474167
-6.118473611
-6.116676667
-6.114699167
-6.113861944
-6.111732778
-6.114816667
-6.112905278
-6.129013889
-6.136278889
-6.148495833
-6.151197778
-6.163471389
-6.178115
-6.1970225
-6.210828056
-6.213098889
-6.218644167
-6.218143889
-6.195254167
-6.191890833
-6.188265833
-6.185173333
-6.180100278
-6.177981389
-6.172856667
-6.169890556
-6.167670278
-6.164416111
-6.160138889
-6.153126944
-6.148661667
-6.145814167
-6.138488056
-6.144587222
-6.131388611
-6.126390833
-6.123686667
-6.116222778
-6.106212778
-6.101593611
-6.096988611
-6.14924
-6.091329167
-6.091286944
-6.091530278
-6.090621389
-6.092662778
-6.096082778
-6.101264167
-6.101984167
-6.101918333
-6.102592778
-6.103475833
-6.102488889
-6.101242222
-6.101993889
-6.104424722
-6.106376111
-6.107026944
-6.110754722
-6.127478889
-6.125493333
-6.1482375
-6.167683889
-6.170814167
-6.177243889
-6.179486389
-6.174796944
-6.170795556
-6.156190556
-6.148708889
-6.125216111
-6.1276375
-6.110238056
-6.106634722
-6.105868889
-6.104440556
-6.101581944
-6.101205833
-6.10341
-6.102418056
-6.101849722
-6.101775556
-6.101198889
-6.096195833
-6.092615556
-6.090569167
-6.091490833
-6.091268889
-6.091180833
-6.092616111
-6.096363889
-6.100121944
-6.106460278
-6.109457222
-6.1163525
-6.120168889
-6.127429444
-6.138374167
-6.141890278
-6.146267778
-6.148183611
-6.154027222
-6.160722778
-6.1648375
-6.167726667
-6.169833889
-6.173183056
-6.177943889
-6.180225556
-6.185378056
-6.187343333
-6.192230556
-6.194670833
-6.234113889
-6.237325
-6.256778889
-6.30419
-6.256926111
-6.234735
-6.22928
-6.454145
-6.458756944
-6.462618056
-6.464256944
-6.463136944
-6.475143056
-6.480763056
-6.490248056
-6.494648056
-6.499733056
-6.502141111
-6.508358889
-6.511585
-6.516058889
-6.51901
-6.528238056
-6.537833056
-6.539143889
-6.537615
-6.540596944
-6.541908889
-6.546871944
-6.547126111
-6.551695
-6.556706111
-6.567041944
-6.58902
-6.587183889
-6.565876944
-6.556421944
-6.551193889
-6.546843889
-6.546841944
-6.541778889
-6.584618056
-6.586471111
-6.539793889
-6.537598889
-6.539086944
-6.529581111
-6.518678889
-6.512288889
-6.506191111
-6.501596944
-6.499215
-6.494278889
-6.489388889
-6.479855
-6.475313056
-6.473228889
-6.460231944
-6.454945
-6.294558056
-6.478681111
-6.482888056
-6.484916944
-6.486653056
-6.490798889
-6.492923889
-6.497456944
-6.500755
-6.506081944
-6.513043056
-6.52118
-6.528388056
-6.586086111
-6.553968056
-6.58933
-6.590023889
-6.585515
-6.552681111
-6.526526944
-6.524766944
-6.512361111
-6.505855
-6.499821111
-6.492591944
-6.486393056
-6.49294
-6.488995
-6.486351111
-6.48762
-6.487336944
-6.483476944
-6.478311111
-6.473211111
-6.49679
-6.508255
-6.454223056
-6.455973056
-6.455628056
-6.455235
-6.454301111
-6.457568889
-6.456308889
-6.467293889
-6.473195
-6.477355
-6.484496111
-6.4938
-6.498586111
-6.506651944
-6.510068056
-6.51276
-6.518843889
-6.522088889
-6.525188056
-6.526951111
-6.531226111
-6.53219
-6.52892
-6.52696
-6.525031111
-6.489561111
-6.522023889
-6.512828889
-6.509876944
-6.506733056
-6.500975
-6.498533056
-6.495008889
-6.493428056
-6.476711944
-6.47341
-6.470601111
-6.467311111
-6.456678889
-6.455023889
-6.45578
-6.455548056
-6.453773056
-6.185488056
-6.181638889
-6.18164
-6.176211111
-6.175096944
-6.176228889
-6.173501111
-6.173851944
-6.169971111
-6.489321944
-6.515405
-6.518215
-6.515605
-6.172728889
-6.174031111
-6.173716111
-6.17666
-6.176261111
-6.175298056
-6.17654
-6.18161
-6.18182
-6.18591
-6.124382778
-6.123601667
-6.121948889
-6.119806389
-6.1194375
-6.117263611
-6.113512778
-6.111523056
-6.110004167
-6.484325
-6.108925
-6.106868611
-6.105013333
-6.104929167
-6.106586944
-6.110594167
-6.110547222
-6.109530833
-6.112343611
-6.103613889
-6.101017778
-6.106973056
-6.111438889
-6.11369
-6.117943056
-6.126151111
-6.129152778
-6.127435
-6.128473056
-6.118871111
-6.116061944
-6.112256944
-6.136555833
-6.117835833
-6.119748611
-6.120512222
-6.123621389
-6.124886111
-6.124711667
-6.102490278
-6.099076389
-6.0950275
-6.095256389
-6.093155833
-6.087333056
-6.085531389
-6.082341667
-6.081418056
-6.079782778
-6.074563056
-6.070736111
-6.066276944
-6.064418889
-6.063418056
-6.063850278
-6.061066111
-6.060771667
-6.063755278
-6.066294722
-6.0718
-6.075734444
-6.077888056
-6.076363056
-6.073341944
-6.07277
-6.070851944
-6.067953056
-6.065841944
-6.065366111
-6.06477
-6.064318056
-6.067501944
-6.066531944
-6.067615
-6.06706
-6.063445
-6.06465
-6.06779
-6.06673
-6.067698056
-6.066146944
-6.064461944
-6.064866944
-6.065508056
-6.065968056
-6.06818
-6.071356111
-6.072963056
-6.073553889
-6.074218056
-6.076328889
-6.075416389
-6.071717778
-6.066770556
-6.065608056
-6.063824167
-6.061056667
-6.061336111
-6.064498611
-6.064236111
-6.0665
-6.069826944
-6.074915
-6.079678056
-6.081679444
-6.082641944
-6.085651944
-6.087602778
-6.093700278
-6.095548056
-6.099753611
-6.102659167
-6.063916944
-6.061088056
-6.0532
-6.061113889
-6.064088056
-6.371705
-6.291603056
-6.288658889
-6.292421111
-6.292013056
-6.291976111
-6.370008056
-6.311246944
-6.3939125
-6.426635556
-6.428978889
-6.218357778
-6.179209722
-6.266296111
-6.265029167
-6.266463333
-6.183451667
-6.3735
-6.373062222
-6.372443889
-6.3750075
-6.375095
-6.227713889
-6.222976111
-6.170371944
-6.175823889
-6.171766111
-6.39877
-6.3034425
-6.322529167
-6.2923575
-6.292686111
-6.276085
-6.2927325
-6.2899425
-6.373706111
-6.253531111
-6.2196
-6.211116111
-6.242686111
-6.198951944
-6.175148889
-6.152572222
-6.205995
-6.2106925
-6.2076625
-6.334221111
-6.25154
-6.321005
-6.319418889
-6.371710278
-6.500366111
-6.496656944
-6.338471944
-6.286196111
-6.301091111
-6.393089722
-6.406526944
-6.404691389
-6.292698889
-6.250421944
-6.114738889
-6.248545
-6.213493889
-6.289246944
-6.363568333
-6.366975833
-6.422606667
-6.407021111
-6.404583056
-6.3894
-6.355503056
-6.207698889
-6.21394
-6.265693056
-6.209137778
-6.308106111
-6.208131389
-6.137815833
-6.399241389
-6.139955833
-6.189766111
-6.238018056
-6.230281944
-6.178261944
-6.212451944
-6.205165556
-6.294129722
-6.286891944
-6.289496111
-6.245473889
-6.399367778
-6.418126667
-6.400323333
-6.257138056
-6.256966111
-6.304161944
-6.283208889
-6.283716944
-6.287106111
-6.282616111
-6.317256944
-6.259933889
-6.252433889
-6.257776111
-6.297195
-6.293716944
-6.296855
-6.241128056
-6.386688056
-6.2602
-6.260588056
-6.31734
-6.315726111
-6.311388056
-6.315238056
-6.264568889
-6.255453889
-6.405243889
-6.136486389
-6.408226111
-6.407991111
-6.405461944
-6.401956944
-6.316881944
-6.31084
-6.297083889
-6.296973889
-6.434385
-6.30757
-6.296041944
-6.377573889
-6.390323056
-6.382908889
-6.439518889
-6.439565
-6.439396111
-6.469668056
-6.471963889
-6.471516111
-6.477508056
-6.423718889
-6.424251111
-6.181025
-6.479206944
-6.155154167
-6.152099722
-6.147346944
-6.147278333
-6.1529525
-6.157322222
-6.194875278
-6.387781111
-6.387923056
-6.388613056
-6.434278889
-6.323136111
-6.326068056
-6.312598056
-6.122013056
-6.116066944
-6.109041111
-6.104566944
-6.298494444
-6.176781944
-6.163536111
-6.173066111
-6.177136111
-6.42383
-6.422081944
-6.424463056
-6.420223333
-6.418618611
-6.421976111
-6.426138056
-6.430208056
-6.432308889
-6.432858056
-6.435996944
-6.439765556
-6.442462778
-6.444501667
-6.451105278
-6.439433889
-6.426381944
-6.450971944
-6.430613056
-6.436646944
-6.431856111
-6.442813333
-6.439485
-6.432153889
-6.422196111
-6.418774444
-6.422651944
-6.424776944
-6.421871111
-6.190110556
-6.373747222
-6.401798056
-6.403411111
-6.403616944
-6.402745
-6.406015278
-6.374270556
-6.371531944
-6.341211111
-6.389066111
-6.39244
-6.395501944
-6.398038056
-6.401318889
-6.406156111
-6.421803889
-6.422391944
-6.405813056
-6.401093889
-6.395161944
-6.382756944
-6.409956111
-6.265331944
-6.279578056
-6.404606944
-6.405594444
-6.405196389
-6.407447778
-6.205306111
-6.208498889
-6.203563056
-6.197345
-6.202326944
-6.20378
-6.211093889
-6.208531944
-6.205476944
-6.200063889
-6.262581389
-6.265369722
-6.260013056
-6.258543889
-6.263220833
-6.427136389
-6.423855
-6.395599167
-6.252436944
-6.260275
-6.26075
-6.261071944
-6.264076111
-6.19723
-6.201973056
-6.151338056
-6.151136111
-6.420151111
-6.42315
-6.418116111
-6.419423056
-6.358638889
-6.3918525
-6.330393889
-6.330223889
-6.332346111
-6.336781111
-6.342213889
-6.339945
-6.336863889
-6.332131944
-6.3304
-6.330508056
-6.419428889
-6.416738889
-6.414381111
-6.418399167
-6.4234975
-6.426252778
-6.423463611
-6.418215
-6.208993056
-6.202558056
-6.292506111
-6.207659167
-6.209503056
-6.320825278
-6.395548889
-6.405996944
-6.405481944
-6.380920278
-6.379073611
-6.147733889
-6.159953889
-6.155611111
-6.390223889
-6.114466111
-6.250413056
-6.139282222
-6.213047778
-6.218065
-6.279086111
-6.279298056
-6.283493889
-6.282746111
-6.321135
-6.319525
-6.319455
-6.320135
-6.321378056
-6.318756389
-6.330099167
-6.336568611
-6.342348056
-6.346956944
-6.350628611
-6.35963
-6.366431111
-6.366406111
-6.35034
-6.346833056
-6.342600556
-6.336594444
-6.329686667
-6.3180375
-6.378928889
-6.2908625
-6.286863056
-6.392748889
-6.398373889
-6.401768056
-6.398335
-6.392761944
-6.358543056
-6.358573056
-6.358415
-6.358393056
-6.401733056
-6.245193889
-6.241375
-6.239795
-6.239456111
-6.239808056
-6.239173056
-6.239645
-6.23935
-6.240441111
-6.241776944
-6.245108056
-6.217118056
-6.221803056
-6.22888
-6.23198
-6.236301944
-6.236721944
-6.230733056
-6.227846111
-6.220546944
-6.228601389
-6.224606389
-6.394335
-6.394866944
-6.4214
-6.422488333
-6.42536
-6.420486944
-6.419253889
-6.282838056
-6.283323056
-6.283163889
-6.300498056
-6.298336944
-6.216826944
-6.216948056
-6.063786111
-6.251215
-6.217188056
-6.421621389
-6.258423056
-6.36942
-6.362267222
-6.370998056
-6.377823056
-6.372995556
-6.137594722
-6.128755
-6.203393333
-6.29141
-6.385243056
-6.263341389
-6.263149444
-6.417893889
-6.422981667
-6.420071944
-6.417620278
-6.386433056
-6.38892
-6.390933056
-6.392053889
-6.389428056
-6.38598
-6.369356944
-6.220425
-6.220878889
-6.220598056
-6.219696111
-6.422829167
-6.373378889
-6.371081111
-6.277576111
-6.305057778
-6.231048056
-6.235226111
-6.231463056
-6.235
-6.246104167
-6.209778889
-6.209171389
-6.139296667
-6.140169722
-6.259733056
-6.254896111
-6.235458889
-6.402778889
-6.422483056
-6.224029167
-6.2248725
-6.102788056
-6.183937222
-6.139261389
-6.376017222
-6.370845556
-6.223535
-6.215958889
-6.223566944
-6.228356111
-6.227263889
-6.223691111
-6.215591944
-6.179883889
-6.176488889
-6.210846111
-6.204921944
-6.12176
-6.127397222
-6.129059722
-6.253535
-6.27268
-6.2758
-6.469783056
-6.536228889
-6.500071944
-6.590058056
-6.589465
-6.544955
-6.420123889
-6.418611111
-6.413911944
-6.407338889
-6.406958056
-6.414236944
-6.419425
-6.480013889
-6.15041
-6.157739167
-6.285770278
-6.293326944
-6.291605556
-6.286660833
-6.343046111
-6.330198889
-6.095416667
-6.067386944
-6.084778056
-6.245513889
-6.205174167
-6.227796389
-6.306181111
-6.326726111
-6.306025
-6.301046944
-6.323723056
-6.317346944
-6.156855
-6.156825
-6.146043889
-6.153823056
-6.159308889
-6.371886944
-6.37376
-6.423108056
-6.139387222
-6.353648056
-6.249526111
-6.2250975
-6.196593333
-6.119225
-6.257805
-6.136504444
-6.419398611
-6.418506111
-6.403648056
-6.260718056
-6.383453611
-6.228770833
-6.229
-6.198365833
-6.396485
-6.405668889
-6.397515
-6.238576944
-6.266943056
-6.273341944
-6.37662
-6.377083889
-6.37885
-6.378951944
-6.379093889
-6.37952
-6.378596111
-6.378956944
-6.374846111
-6.375343889
-6.238071389
-6.246093889
-6.26496
-6.245798056
-6.1844675
-6.202503889
-6.137988889
-6.137651944
-6.143206944
-6.215896111
-6.197867222
-6.332318889
-6.331153889
-6.260253056
-6.317099444
-6.337026944
-6.260096944
-6.25752
-6.390943611
-6.112185
-6.118838611
-6.224221667
-6.163541944
-6.311386944
-6.3372
-6.165848056
-6.165993889
-6.132323889
-6.409465
-6.587585
-6.321618056
-6.396303889
-6.176376111
-6.411886944
-6.416365
-6.421598056
-6.430045
-6.429766111
-6.42126
-6.412165
-6.184196111
-6.215875
-6.490625
-6.274213889
-6.448571944
-6.276561111
-6.200648056
-6.323311944
-6.134730833
-6.067235
-6.342843056
-6.349691944
-6.343221111
-6.393366111
-6.348933889
-6.355365
-6.360478889
-6.36589
-6.374811111
-6.385091944
-6.384146944
-6.37453
-6.360383056
-6.355161111
-6.503071111
-6.509006111
-6.514893056
-6.509276111
-6.507668056
-6.501383889
-6.299581944
-6.320705
-6.516983889
-6.505768056
-6.374998889
-6.374586111
-6.4019725
-6.265351944
-6.47052
-6.470428056
-6.472166944
-6.488816944
-6.47865
-6.471538889
-6.48195
-6.293385
-6.292593056
-6.298603056
-6.296778056
-6.277663056
-6.277026944
-6.26674
-6.271393333
-6.279406667
-6.393816111
-6.365796944
-6.4082
-6.408395
-6.405168889
-6.238763056
-6.246996944
-6.281508056
-6.290858333
-6.371455278
-6.291911944
-6.313005
-6.315646111
-6.322565
-6.32601
-6.329886111
-6.329441944
-6.32627
-6.322181111
-6.316295
-6.312611111
-6.467471944
-6.467418889
-6.30373
-6.211026944
-6.209266944
-6.21139
-6.162393056
-6.157331111
-6.151418889
-6.150986944
-6.153786111
-6.162151111
-6.30217
-6.303495
-6.33128
-6.180623889
-6.331056944
-6.302266111
-6.300958889
-6.308631944
-6.307918889
-6.331511944
-6.302398889
-6.213275
-6.291788056
-6.289541944
-6.287935
-6.301366944
-6.291393056
-6.301376111
-6.291435
-6.315963889
-6.316351111
-6.435376944
-6.315351944
-6.298385
-6.298178056
-6.431468056
-6.431756944
-6.435268889
-6.431553056
-6.431128056
-6.431078056
-6.300996111
-6.30095
-6.391835278
-6.312066111
-6.310936111
-6.429561111
-6.429168889
-6.401526944
-6.431063889
-6.110007778
-6.191768889
-6.190948056
-6.318668889
-6.232485556
-6.442603889
-6.44268
-6.4493
-6.451098056
-6.213625
-6.147618611
-6.210276111
-6.393481944
-6.298011944
-6.298173889
-6.298283889
-6.296283889
-6.288755
-6.281021111
-6.30654
-6.306678056
-6.378168056
-6.378265556
-6.579848889
-6.580188056
-6.292866111
-6.548311944
-6.550508889
-6.54964
-6.557643889
-6.552948056
-6.540516111
-6.540233056
-6.552933889
-6.557548056
-6.550626111
-6.549698889
-6.548223889
-6.272094167
-6.384830278
-6.388170278
-6.391222778
-6.391810833
-6.387188333
-6.3871775
-6.393117222
-6.391187778
-6.387883889
-6.385700833
-6.386030833
-6.537741944
-6.514863056
-6.291586944
-6.229171389
-6.264913056
-6.216033889
-6.22712
-6.212675
-6.460893056
-6.464001944
-6.459695
-6.463501111
-6.373853889
-6.374836111
-6.375225
-6.358153889
-6.357890556
-6.3564775
-6.456773889
-6.457001944
-6.220696111
-6.304091944
-6.304283056
-6.240216111
-6.251853056
-6.288105
-6.295981111
-6.443621111
-6.445178056
-6.437286944
-6.437373889
-6.440836944
-6.428793889
-6.453198056
-6.293751111
-6.251491111
-6.277985
-6.335053889
-6.333955
-6.430548889
-6.438201111
-6.442733889
-6.4426
-6.438163056
-6.433388056
-6.430451944
-6.345775
-6.344773056
-6.451721111
-6.141730556
-6.123639722
-6.1091925
-6.179543611
-6.184445556
-6.154412778
-6.229003889
-6.372765
-6.372898056
-6.372735
-6.373287778
-6.372431944
-6.436151944
-6.460901944
-6.465285
-6.467616111
-6.174755
-6.210101111
-6.2762
-6.275183889
-6.458876944
-6.207528889
-6.207843056
-6.212515
-6.21228
-6.182783056
-6.411338889
-6.106645833
-6.560528056
-6.560516944
-6.375013056
-6.242868889
-6.403206944
-6.402965
-6.403076944
-6.275266944
-6.378055
-6.338441944
-6.154088889
-6.403093056
-6.451071111
-6.453763056
-6.452591944
-6.388983889
-6.495621111
-6.154571111
-6.341581111
-6.344616944
-6.368911111
-6.42349
-6.346865833
-6.350013333
-6.357883333
-6.152171111
-6.157233056
-6.351772778
-6.555071944
-6.555068056
-6.536788056
-6.537068056
-6.543901944
-6.543991944
-6.536328889
-6.53672
-6.527288889
-6.527056944
-6.535908056
-6.535926944
-6.538068056
-6.53853
-6.525073056
-6.524908889
-6.524881111
-6.524988889
-6.513723056
-6.498871944
-6.491846111
-6.067743889
-6.067591944
-6.280831944
-6.280403889
-6.610551944
-6.610798889
-6.599968889
-6.600068889
-6.587543889
-6.587433889
-6.580556111
-6.576531944
-6.576263889
-6.614838889
-6.220981111
-6.219285
-6.1123175
-6.283521111
-6.109253611
-6.067578889
-6.522975
-6.522453056
-6.124915
-6.368445833
-6.368759444
-6.23957
-6.206511111
-6.207636111
-6.150533056
-6.193168889
-6.192991944
-6.153508889
-6.377808056
-6.247035
-6.363238056
-6.246548056
-6.246296944
-6.360785
-6.361218333
-6.357696389
-6.242026944
-6.241588889
-6.234773056
-6.301776111
-6.073436944
-6.20176
-6.375066111
-6.229531944
-6.16588
-6.157691667
-6.131881944
-6.108201944
-6.10421
-6.118241111
-6.123535
-6.128168056
-6.245735
-6.365243333
-6.228578056
-6.400505
-6.372138889
-6.415977778
-6.40876
-6.250596944
-6.427293056
-6.250915
-6.442338889
-6.3706075
-6.251181944
-6.250013056
-6.260913889
-6.441408056
-6.321586111
-6.243238056
-6.239833056
-6.226951944
-6.239146111
-6.240496944
-6.254771944
-6.278408889
-6.275458889
-6.310995
-6.210831111
-6.211406944
-6.210546944
-6.211341111
-6.170825
-6.177223056
-6.176133889
-6.170751111
-6.288265
-6.29201
-6.292913056
-6.288046111
-6.292076944
-6.293226944
-6.279986111
-6.279058889
-6.450143889
-6.404785
-6.315365
-6.297733056
-6.29798
-6.297205556
-6.297163056
-6.300701944
-6.306951667
-6.299131389
-6.30245
-6.307067778
-6.295779722
-6.278378056
-6.298843056
-6.298858056
-6.290525833
-6.427287778
-6.42154
-6.062803333
-6.062480556
-6.174106944
-6.293243611
-6.136623611
-6.408281944
-6.39517
-6.386130833
-6.373231944
-6.384495278
-6.296776944
-6.22988
-6.17168
-6.380581944
-6.143178889
-6.140668056
-6.142086389
-6.143995556
-6.258028056
-6.123154167
-6.371033889
-6.369866111
-6.451392778
-6.254578056
-6.55062
-6.204346111
-6.255883889
-6.255971111
-6.258725
-6.130065
-6.265218056
-6.264601111
-6.265916111
-6.263345
-6.262591111
-6.193131944
-6.253423889
-6.253201111
-6.251646111
-6.253933889
-6.256831944
-6.214051944
-6.25324
-6.253136111
-6.236435
-6.250388056
-6.183551944
-6.262281111
-6.228846111
-6.143073333
-6.140696111
-6.135441111
-6.134366944
-6.134736111
-6.134846944
-6.13468
-6.135731944
-6.264326944
-6.174876944
-6.311043889
-6.256773889
-6.119151944
-6.252691944
-6.298878056
-6.333305
-6.343988056
-6.348656944
-6.353676111
-6.37957
-6.354563889
-6.349065
-6.343803889
-6.332921111
-6.299106944
-6.092206111
-6.149281111
-6.1876725
-6.5774
-6.276073889
-6.274828056
-6.444321944
-6.444158056
-6.316145
-6.309866111
-6.309551111
-6.577806944
-6.232215
-6.242596111
-6.249028056
-6.247746111
-6.243001944
-6.238698889
-6.232238056
-6.514231944
-6.453863056
